T1,0,0,0,1,0,0,0,1,0,0,0,0,0,0,1,2,0,0,0,0,0,0,0,0,0,0,0,0,1,0,0,1,1,0,0,0,0,0,0,0,0,0,0,0,1,0,0,0,0,0,0,2,0,0,0,1,1,0,0,1,0,1,1,1
T2,0,0,0,1,0,0,0,0,0,0,0,0,0,0,1,2,0,0,0,0,0,0,0,0,0,0,0,0,1,0,0,1,1,0,0,0,0,0,0,0,0,0,0,0,1,0,0,0,0,0,0,2,0,0,0,1,1,0,0,1,1,1,1,1
T3,0,0,0,1,0,0,0,0,0,0,0,0,0,0,1,2,0,0,0,0,0,0,0,0,0,0,0,0,1,0,0,0,1,0,0,0,0,0,0,0,0,0,0,0,1,0,0,0,0,0,0,3,0,0,0,1,1,0,0,1,1,1,1,1
T4,0,0,0,1,0,0,0,0,0,0,0,0,0,0,2,2,0,0,0,0,0,0,0,0,0,0,0,0,1,0,0,0,1,0,0,0,0,0,0,0,0,0,0,0,1,0,0,0,0,0,0,3,0,0,0,1,1,0,0,1,1,0,1,1
T5,0,0,0,1,0,0,0,0,0,0,0,0,0,0,2,2,0,0,0,0,0,0,0,0,0,0,0,0,1,0,0,0,1,0,0,0,0,0,0,0,0,0,0,0,1,0,0,0,0,0,0,3,0,0,0,0,1,1,0,1,1,0,1,1
T6,0,0,0,1,0,0,0,0,0,0,0,0,0,0,2,2,0,0,0,0,0,0,0,0,0,0,0,0,0,0,0,0,1,0,0,0,0,0,0,1,0,0,0,0,1,0,0,0,0,0,0,3,0,0,0,0,1,1,0,1,1,0,1,1
T7,0,0,0,1,0,0,0,0,0,0,0,0,0,0,2,2,0,0,0,0,0,0,0,0,0,0,0,0,0,1,0,0,1,0,0,0,0,0,0,1,0,0,0,0,1,0,0,0,0,0,0,2,0,0,0,0,1,1,0,1,1,0,1,1
T8,0,0,0,1,0,0,0,0,0,0,0,0,0,0,1,2,0,0,0,0,0,0,0,0,0,0,0,0,0,1,0,0,1,0,0,0,0,0,0,1,0,0,0,0,1,0,0,0,0,0,0,2,0,1,0,0,1,1,0,1,1,0,1,1
T9,0,0,0,1,0,0,0,0,0,0,0,0,0,0,1,2,0,0,0,0,0,0,1,0,0,0,0,0,0,1,0,0,1,0,0,0,0,0,0,1,0,0,0,0,1,0,0,0,0,0,0,2,0,1,0,0,0,1,0,1,1,0,1,1
T10,0,0,0,1,0,0,0,0,0,0,0,0,0,0,1,2,0,0,0,0,0,0,1,0,1,0,0,0,0,1,0,0,0,0,0,0,0,0,0,1,0,0,0,0,1,0,0,0,0,0,0,2,0,1,0,0,0,1,0,1,1,0,1,1
T11,0,0,0,0,0,0,0,0,0,0,0,0,0,0,1,2,0,0,0,0,0,0,1,0,1,0,0,0,0,1,0,0,0,0,1,0,0,0,0,1,0,0,0,0,1,0,0,0,0,0,0,2,0,1,0,0,0,1,0,1,1,0,1,1
T12,0,0,0,0,0,0,0,0,0,0,1,0,0,0,1,1,0,0,0,0,0,0,1,0,1,0,0,0,0,1,0,0,0,0,1,0,0,0,0,1,0,0,0,0,1,0,0,0,0,0,0,2,0,1,0,0,0,1,0,1,1,0,1,1
T13,0,0,0,0,0,0,0,0,0,0,1,0,0,0,1,1,0,0,0,0,0,0,1,0,1,0,0,0,0,1,0,0,0,0,1,0,0,0,0,1,0,0,0,1,1,0,0,0,0,0,0,2,0,1,0,0,0,1,0,1,1,0,1,0
T14,0,0,0,0,0,0,0,0,0,0,1,0,0,0,1,1,0,0,0,0,0,0,1,0,1,0,0,0,0,1,0,0,0,0,1,0,0,0,0,1,0,0,0,1,1,0,0,1,0,0,0,2,0,1,0,0,0,1,0,1,1,0,0,0
T15,0,0,0,0,0,0,0,0,0,0,1,0,0,0,1,1,0,0,0,0,0,0,1,0,1,0,0,0,0,1,0,0,0,0,1,0,0,0,0,1,0,0,0,1,1,0,0,1,0,0,0,2,0,1,0,0,0,1,0,0,1,0,0,1
T16,0,0,0,0,0,0,0,0,0,0,1,0,0,0,1,1,0,0,0,0,0,0,1,0,1,0,0,0,0,1,0,0,0,0,1,0,0,0,0,1,0,0,0,1,0,0,0,1,0,0,0,2,0,1,0,0,0,1,0,0,1,0,0,2
T17,0,0,0,0,0,0,0,0,0,0,1,0,0,0,1,1,0,0,0,0,0,0,1,0,1,0,0,0,0,1,0,0,0,0,1,0,0,0,0,1,0,0,0,1,0,0,0,1,0,0,0,1,0,1,0,0,0,1,0,0,1,1,0,2
T18,0,0,0,0,0,0,0,0,0,0,1,0,0,0,1,0,0,0,0,0,0,0,1,0,1,0,0,0,0,1,0,0,0,0,1,0,0,0,0,1,0,0,0,1,0,0,0,1,0,0,0,1,0,1,0,1,0,1,0,0,1,1,0,2
T19,0,0,0,0,0,0,0,0,0,0,1,0,0,0,1,0,0,0,0,0,0,0,1,0,1,0,0,0,0,1,0,1,0,0,1,0,0,0,0,1,0,0,0,1,0,0,0,1,0,0,0,1,0,1,0,1,0,1,0,0,0,1,0,2
T20,0,0,0,0,0,0,0,0,0,0,1,0,0,0,1,0,0,0,0,0,0,0,1,0,1,0,0,0,0,1,0,1,0,0,1,0,0,0,0,1,0,0,0,1,0,0,0,1,0,0,0,0,0,1,0,1,0,1,0,0,0,2,0,2
T21,0,0,0,0,0,0,0,0,0,0,1,0,0,0,0,0,0,0,0,0,0,0,1,0,1,0,0,0,0,1,0,1,0,0,1,0,0,0,0,1,0,0,0,1,0,0,0,1,0,0,0,0,0,1,0,2,0,1,0,0,0,2,0,2
T22,0,0,0,0,0,0,0,0,0,0,1,0,0,0,0,0,0,0,0,0,0,0,1,0,1,0,0,0,0,1,1,1,0,0,1,0,0,0,0,1,0,0,0,1,0,0,0,1,0,0,0,0,0,1,0,2,0,0,0,0,0,2,0,2
T23,0,0,0,0,0,0,0,0,0,0,1,0,0,0,0,0,0,0,0,0,0,0,1,0,1,0,0,0,0,1,1,1,0,0,1,0,0,0,0,0,0,0,0,1,0,0,0,1,0,0,0,0,0,1,0,2,0,0,1,0,0,2,0,2
T24,0,0,0,0,0,0,0,0,0,0,1,0,0,0,0,0,0,0,0,0,0,0,1,0,1,0,0,0,0,0,1,1,0,0,1,0,0,0,0,0,0,0,1,1,0,0,0,1,0,0,0,0,0,1,0,2,0,0,1,0,0,2,0,2
T25,0,0,0,0,0,0,0,0,0,0,1,0,0,0,0,0,0,0,0,0,0,0,1,0,1,0,0,0,0,0,1,1,0,0,1,0,0,0,0,0,1,0,1,1,0,0,0,1,0,0,0,0,0,0,0,2,0,0,1,0,0,2,0,2
T26,0,0,0,0,0,0,0,0,0,0,1,0,0,0,0,0,0,0,0,0,0,0,0,0,1,0,0,0,0,0,1,1,0,1,1,0,0,0,0,0,1,0,1,1,0,0,0,1,0,0,0,0,0,0,0,2,0,0,1,0,0,2,0,2
T27,0,0,0,0,0,0,1,0,0,0,1,0,0,0,0,0,0,0,0,0,0,0,0,0,0,0,0,0,0,0,1,1,0,1,1,0,0,0,0,0,1,0,1,1,0,0,0,1,0,0,0,0,0,0,0,2,0,0,1,0,0,2,0,2
T28,0,0,0,0,0,0,1,0,0,0,1,0,0,0,0,0,0,0,0,0,0,0,0,0,0,0,1,0,0,0,1,1,0,1,0,0,0,0,0,0,1,0,1,1,0,0,0,1,0,0,0,0,0,0,0,2,0,0,1,0,0,2,0,2
T29,0,0,0,0,0,0,1,0,0,0,0,0,0,0,0,0,0,0,0,0,0,0,0,0,0,0,1,0,0,0,1,1,0,1,0,0,0,0,0,0,1,1,1,1,0,0,0,1,0,0,0,0,0,0,0,2,0,0,1,0,0,2,0,2
T30,0,0,0,0,0,0,1,0,0,0,0,0,0,0,0,0,0,0,0,0,0,0,0,0,0,0,1,0,0,0,1,1,0,1,0,0,0,0,0,1,1,1,1,0,0,0,0,1,0,0,0,0,0,0,0,2,0,0,1,0,0,2,0,2
T31,0,0,0,0,0,0,1,0,0,0,0,0,0,0,0,0,0,0,0,0,0,0,0,0,0,0,1,0,0,0,1,2,0,1,0,0,0,0,0,1,1,1,1,0,0,0,0,0,0,0,0,0,0,0,0,2,0,0,1,0,0,2,0,2
T32,0,0,0,0,0,0,1,0,0,0,0,0,0,0,0,0,0,0,0,0,0,0,0,0,0,0,1,0,0,0,1,2,0,1,0,0,0,0,0,1,1,1,1,0,0,0,0,0,0,0,0,0,0,0,0,2,0,0,1,0,0,3,0,1
T33,0,0,0,0,0,0,1,0,0,0,0,0,0,0,0,0,0,0,0,0,0,0,0,0,0,0,1,0,0,0,1,2,0,1,0,0,0,0,0,1,1,1,1,0,0,0,0,0,0,0,0,0,0,0,1,2,0,0,1,0,0,3,0,0
T34,0,0,0,0,0,0,1,0,0,0,0,0,0,0,0,0,0,0,0,0,0,0,0,0,0,0,1,1,0,0,1,2,0,1,0,0,0,0,0,1,1,1,1,0,0,0,0,0,0,0,0,0,0,0,1,2,0,0,1,0,0,2,0,0
T35,0,0,0,0,0,0,1,0,0,0,0,0,0,0,0,0,0,0,0,0,0,0,0,0,0,0,1,1,0,0,1,2,0,1,0,0,0,0,0,1,1,1,1,0,1,0,0,0,0,0,0,0,0,0,1,1,0,0,1,0,0,2,0,0
T36,0,0,0,0,0,0,1,0,0,0,0,0,0,0,0,0,0,0,0,0,0,0,0,0,0,0,1,1,0,0,1,1,0,1,0,0,0,0,0,1,1,1,1,0,1,0,0,0,0,0,0,1,0,0,1,1,0,0,1,0,0,2,0,0
T37,0,0,0,0,0,0,1,0,0,0,0,0,0,0,1,0,0,0,0,0,0,0,0,0,0,0,1,1,0,0,1,1,0,1,0,0,0,0,0,1,1,1,1,0,1,0,0,0,0,0,0,1,0,0,1,1,0,0,1,0,0,1,0,0
T38,0,0,0,0,0,0,1,0,0,0,0,0,0,0,1,0,0,0,0,0,0,0,0,0,0,0,1,1,0,0,1,1,0,1,0,0,0,0,0,1,1,1,1,0,1,0,0,0,0,0,0,1,0,0,1,0,0,1,1,0,0,1,0,0
T39,0,0,0,0,0,0,1,0,0,0,0,0,0,0,1,0,0,0,0,0,0,0,0,0,0,0,1,1,0,0,0,1,0,1,0,0,0,0,0,2,1,1,1,0,1,0,0,0,0,0,0,1,0,0,1,0,0,1,1,0,0,1,0,0
T40,0,0,0,0,0,0,1,0,0,0,0,0,0,0,1,0,0,0,0,0,0,0,0,0,0,0,1,1,0,0,0,2,0,1,0,0,0,0,0,2,1,1,1,0,1,0,0,0,0,0,0,1,0,0,1,0,0,1,0,0,0,1,0,0
T41,0,0,0,0,0,0,1,0,0,0,0,0,0,0,1,0,0,0,0,0,0,0,0,0,0,0,1,1,0,0,0,2,0,1,0,0,0,0,0,2,1,1,0,0,1,0,0,0,0,0,0,1,0,0,1,0,0,1,0,0,1,1,0,0
T42,0,0,0,0,0,0,1,0,0,0,0,0,0,0,1,0,0,0,0,0,0,0,0,0,0,0,1,1,0,0,0,2,0,1,0,0,0,0,0,2,0,1,0,0,1,0,0,0,0,0,1,1,0,0,1,0,0,1,0,0,1,1,0,0
T43,0,0,0,0,0,0,1,0,0,0,0,1,0,0,1,0,0,0,0,0,0,0,0,0,0,0,1,1,0,0,0,2,0,0,0,0,0,0,0,2,0,1,0,0,1,0,0,0,0,0,1,1,0,0,1,0,0,1,0,0,1,1,0,0
T44,0,0,0,0,0,0,0,0,0,0,0,1,0,0,1,0,0,0,0,0,0,0,0,0,0,0,1,1,0,0,0,2,0,0,0,0,0,0,0,2,0,1,0,0,1,0,0,1,0,0,1,1,0,0,1,0,0,1,0,0,1,1,0,0
T45,0,0,0,0,0,0,0,0,0,0,0,1,0,0,1,0,0,0,0,0,0,0,0,0,0,0,0,1,0,0,0,2,0,0,0,0,0,0,0,2,0,1,0,0,1,0,0,1,0,0,1,1,0,0,1,0,0,1,0,0,1,1,1,0
T46,0,0,0,0,0,0,0,0,0,0,0,1,0,0,1,0,0,0,0,0,0,0,0,0,0,0,0,1,0,0,0,2,0,0,0,0,0,0,0,2,0,0,0,0,1,0,0,1,0,0,1,1,0,0,1,0,0,1,0,1,1,1,1,0
T47,0,0,0,0,0,0,0,0,0,0,0,1,0,0,1,0,0,0,0,0,0,0,0,0,0,0,0,1,0,0,0,2,0,0,0,0,0,0,0,1,0,0,0,0,2,0,0,1,0,0,1,1,0,0,1,0,0,1,0,1,1,1,1,0
T48,0,0,0,0,0,0,0,0,0,0,0,1,0,0,1,0,0,0,0,0,0,0,0,0,0,0,0,1,0,0,0,1,0,0,0,0,0,0,0,1,0,0,0,0,2,0,0,1,0,0,2,1,0,0,1,0,0,1,0,1,1,1,1,0
T49,0,0,0,0,0,0,0,0,0,0,0,2,0,0,1,0,0,0,0,0,0,0,0,0,0,0,0,1,0,0,0,1,0,0,0,0,0,0,0,1,0,0,0,0,2,0,0,1,0,0,2,1,0,0,1,0,0,1,0,1,1,0,1,0
T50,0,0,0,0,0,0,0,0,0,0,0,2,0,0,1,0,0,0,0,0,0,0,0,0,0,0,0,1,0,0,0,1,0,0,0,0,0,0,0,1,0,0,0,0,2,1,0,1,0,0,2,1,0,0,0,0,0,1,0,1,1,0,1,0
T51,0,0,0,0,0,0,0,0,0,0,0,2,0,0,1,0,0,0,0,0,0,0,0,0,0,0,0,0,0,0,0,1,0,0,0,0,0,0,0,1,0,0,0,0,2,1,0,1,0,0,2,1,1,0,0,0,0,1,0,1,1,0,1,0
T52,0,0,0,0,0,0,0,0,0,0,0,2,0,0,1,0,1,0,0,0,0,0,0,0,0,0,0,0,0,0,0,1,0,0,0,0,0,0,0,1,0,0,0,0,1,1,0,1,0,0,2,1,1,0,0,0,0,1,0,1,1,0,1,0
T53,1,0,0,0,0,0,0,0,0,0,0,2,0,0,1,0,1,0,0,0,0,0,0,0,0,0,0,0,0,0,0,1,0,0,0,0,0,0,0,1,0,0,0,0,1,1,0,1,0,0,2,0,1,0,0,0,0,1,0,1,1,0,1,0
T54,1,0,1,0,0,0,0,0,0,0,0,2,0,0,0,0,1,0,0,0,0,0,0,0,0,0,0,0,0,0,0,1,0,0,0,0,0,0,0,1,0,0,0,0,1,1,0,1,0,0,2,0,1,0,0,0,0,1,0,1,1,0,1,0
T55,1,0,1,0,0,0,0,0,0,0,0,3,0,0,0,0,1,0,0,0,0,0,0,0,0,0,0,0,0,0,0,1,0,0,0,0,0,0,0,1,0,0,0,0,1,1,0,1,0,0,2,0,1,0,0,0,0,0,0,1,1,0,1,0
T56,1,0,1,0,0,0,0,0,0,0,0,3,0,0,0,0,1,0,0,0,0,0,0,0,0,0,0,0,0,0,0,1,0,0,0,0,0,0,0,0,0,0,0,0,1,1,0,2,0,0,2,0,1,0,0,0,0,0,0,1,1,0,1,0
T57,1,0,1,0,0,0,0,0,0,0,0,3,0,0,0,0,1,0,0,0,0,0,0,0,0,0,0,0,0,0,0,0,0,0,0,0,0,0,0,0,0,0,0,0,1,1,0,2,0,0,2,0,1,0,0,0,0,0,0,1,1,0,2,0
T58,1,0,1,0,0,0,0,0,0,0,0,3,0,0,0,0,1,0,0,0,0,0,0,0,0,0,0,0,0,0,0,0,0,0,0,0,0,0,0,0,0,0,0,0,1,1,0,2,0,0,2,0,1,0,0,0,0,0,1,1,0,0,2,0
T59,1,0,1,0,0,0,0,0,0,0,0,3,0,0,0,0,1,0,0,0,0,0,0,0,0,0,0,0,0,0,0,0,0,0,0,0,0,0,0,0,1,0,0,0,1,1,0,2,0,0,1,0,1,0,0,0,0,0,1,1,0,0,2,0
T60,1,0,1,0,0,0,0,0,0,0,0,2,0,0,0,0,1,0,0,0,0,0,0,0,0,0,0,0,0,0,0,0,0,0,1,0,0,0,0,0,1,0,0,0,1,1,0,2,0,0,1,0,1,0,0,0,0,0,1,1,0,0,2,0
T61,1,0,1,0,0,0,0,0,1,0,0,2,0,0,0,0,1,0,0,0,0,0,0,0,0,0,0,0,0,0,0,0,0,0,1,0,0,0,0,0,1,0,0,0,1,1,0,1,0,0,1,0,1,0,0,0,0,0,1,1,0,0,2,0
T62,1,0,1,0,0,0,0,0,1,0,0,2,0,0,0,0,1,0,0,0,0,0,0,0,0,0,0,0,0,0,0,0,1,0,1,0,0,0,0,0,1,0,0,0,1,1,0,1,0,0,1,0,1,0,0,0,0,0,1,1,0,0,1,0
T63,1,0,1,1,0,0,0,0,1,0,0,2,0,0,0,0,1,0,0,0,0,0,0,0,0,0,0,0,0,0,0,0,1,0,1,0,0,0,0,0,1,0,0,0,1,1,0,1,0,0,1,0,1,0,0,0,0,0,1,0,0,0,1,0
T64,1,0,1,1,0,0,0,0,1,0,0,2,0,1,0,0,1,0,0,0,0,0,0,0,0,0,0,0,0,0,0,0,1,0,1,0,0,0,0,0,1,0,0,0,0,1,0,1,0,0,1,0,1,0,0,0,0,0,1,0,0,0,1,0
T65,1,0,1,1,0,0,0,0,1,0,0,2,0,1,0,0,1,0,0,0,0,0,0,0,0,0,0,0,0,0,0,0,1,0,1,0,0,0,0,0,1,0,0,0,0,1,0,1,0,0,0,0,1,1,0,0,0,0,1,0,0,0,1,0
T66,1,0,1,1,0,0,0,0,1,0,0,1,0,1,0,0,1,0,0,0,0,0,1,0,0,0,0,0,0,0,0,0,1,0,1,0,0,0,0,0,1,0,0,0,0,1,0,1,0,0,0,0,1,1,0,0,0,0,1,0,0,0,1,0
T67,1,0,1,1,0,0,0,0,1,0,0,1,0,1,0,0,1,0,0,0,0,0,1,0,1,0,0,0,0,0,0,0,1,0,1,0,0,0,0,0,1,0,0,0,0,0,0,1,0,0,0,0,1,1,0,0,0,0,1,0,0,0,1,0
T68,1,0,1,1,0,0,0,0,1,0,0,1,0,1,0,0,1,0,0,0,0,0,1,0,1,0,0,0,0,0,0,0,1,0,1,1,0,0,0,0,1,0,0,0,0,0,0,1,0,0,0,0,0,1,0,0,0,0,1,0,0,0,1,0
T69,1,0,1,1,0,0,0,0,1,0,0,1,0,1,1,0,0,0,0,0,0,0,1,0,1,0,0,0,0,0,0,0,1,0,1,1,0,0,0,0,1,0,0,0,0,0,0,1,0,0,0,0,0,1,0,0,0,0,1,0,0,0,1,0
T70,0,0,1,1,0,0,0,0,1,0,0,1,0,1,1,0,0,0,0,0,0,0,1,0,1,0,0,0,0,0,0,0,1,0,1,1,0,0,0,0,1,0,0,0,0,0,0,1,0,0,0,0,0,1,0,0,0,0,1,1,0,0,1,0
T71,0,0,0,1,0,0,0,0,1,0,0,1,0,1,1,0,0,0,0,0,0,0,1,0,1,0,0,0,0,0,0,0,1,0,1,1,0,0,0,0,1,0,0,0,0,1,0,1,0,0,0,0,0,1,0,0,0,0,1,1,0,0,1,0
T72,0,0,0,1,0,0,0,0,1,0,0,0,0,1,1,0,0,0,0,0,0,0,1,0,1,0,0,0,0,0,0,0,1,0,1,1,0,0,0,0,1,0,0,0,0,1,0,1,0,0,0,0,0,1,0,1,0,0,1,1,0,0,1,0
T73,0,0,0,1,0,0,0,0,1,0,0,0,0,1,1,0,0,0,0,0,0,0,1,0,1,0,0,0,0,1,0,0,1,0,1,1,0,0,0,0,1,0,0,0,0,1,0,0,0,0,0,0,0,1,0,1,0,0,1,1,0,0,1,0
T74,0,0,0,1,0,0,0,0,1,0,0,0,0,1,1,0,0,0,0,0,0,0,1,0,1,0,0,0,0,1,0,0,1,0,1,1,0,0,0,0,1,0,0,0,0,1,0,0,0,0,0,0,0,1,1,1,0,0,1,1,0,0,0,0
T75,0,0,0,1,0,0,0,0,1,0,0,0,0,1,1,0,0,0,0,0,0,0,1,0,1,0,1,0,0,1,0,0,1,0,1,1,0,0,0,0,1,0,0,0,0,1,0,0,0,0,0,0,0,1,1,1,0,0,0,1,0,0,0,0
T76,0,0,0,1,0,0,0,0,1,0,0,0,0,1,1,0,0,0,0,0,0,0,1,0,1,0,1,0,0,1,0,0,1,0,1,1,0,0,0,0,0,0,0,1,0,1,0,0,0,0,0,0,0,1,1,1,0,0,0,1,0,0,0,0
T77,0,0,0,1,0,0,0,0,1,0,0,0,0,1,1,0,0,0,0,0,0,0,1,0,1,0,1,0,0,1,0,0,1,0,0,1,0,0,0,0,0,0,0,1,0,1,0,1,0,0,0,0,0,1,1,1,0,0,0,1,0,0,0,0
T78,0,0,0,1,0,0,0,0,0,0,0,0,0,1,1,0,0,0,0,0,0,0,1,0,1,0,1,0,0,1,0,0,1,0,0,1,0,0,0,0,0,0,0,1,0,1,0,1,0,0,0,0,0,1,1,1,0,0,0,1,0,0,1,0
T79,0,0,0,1,0,0,0,0,0,0,0,0,0,1,1,0,0,0,0,0,0,0,1,0,1,0,1,0,0,1,0,0,0,0,0,1,0,0,0,0,0,0,0,1,0,1,0,1,0,0,0,0,0,1,1,1,0,0,0,2,0,0,1,0
T80,0,0,0,0,0,0,0,0,0,0,0,0,0,1,1,0,0,0,0,0,0,0,1,0,1,0,1,0,0,1,0,0,0,0,0,1,0,0,0,0,0,0,0,1,1,1,0,1,0,0,0,0,0,1,1,1,0,0,0,2,0,0,1,0
T81,0,0,0,0,0,0,0,0,0,0,0,0,0,0,1,0,0,0,0,0,0,0,1,0,1,0,1,0,0,1,0,0,0,0,0,1,0,0,0,0,0,0,0,1,1,1,0,1,0,0,0,1,0,1,1,1,0,0,0,2,0,0,1,0
T82,0,0,0,0,0,0,0,0,0,0,0,0,0,0,1,1,0,0,0,0,0,0,1,0,1,0,1,0,0,1,0,0,0,0,0,1,0,0,0,0,0,0,0,1,1,1,0,1,0,0,0,1,0,0,1,1,0,0,0,2,0,0,1,0
T83,0,0,0,0,0,0,0,0,0,0,0,0,0,0,1,1,0,0,0,0,0,0,0,0,1,0,1,0,0,1,0,0,0,0,0,1,0,0,0,0,0,0,0,1,1,1,0,1,0,0,0,1,0,0,1,1,0,0,0,2,0,0,1,1
T84,0,0,0,0,0,0,0,0,0,0,0,0,0,0,1,1,0,0,0,0,0,0,0,0,0,0,1,0,0,1,0,0,0,0,0,1,0,0,0,0,0,0,0,1,1,1,0,1,0,0,0,1,0,0,1,1,0,0,0,2,0,0,2,1
T85,0,0,0,0,0,0,0,0,0,0,0,0,0,0,1,1,0,0,0,0,0,0,0,0,0,0,1,0,0,1,0,0,0,0,0,0,0,0,0,0,0,0,0,1,1,1,0,1,0,0,0,1,0,0,1,1,0,0,0,3,0,0,2,1
T86,0,0,0,0,0,0,0,0,0,0,0,0,0,0,0,1,0,0,0,0,0,0,0,0,0,0,1,0,0,1,0,0,0,0,0,0,0,0,0,0,0,0,0,1,2,1,0,1,0,0,0,1,0,0,1,1,0,0,0,3,0,0,2,1
T87,0,0,0,0,0,0,0,0,0,0,0,0,0,0,0,1,0,0,0,0,0,0,0,0,0,0,1,0,0,1,0,0,0,0,0,0,0,0,0,0,0,0,0,1,2,1,0,1,0,0,0,2,0,0,1,1,0,0,0,2,0,0,2,1
T88,0,0,0,0,0,0,0,0,0,0,0,0,0,0,0,2,0,0,0,0,0,0,0,0,0,0,1,0,0,1,0,0,0,0,0,0,0,0,0,0,0,0,0,1,2,0,0,1,0,0,0,2,0,0,1,1,0,0,0,2,0,0,2,1
T89,0,0,0,0,0,0,0,0,0,0,0,0,0,0,0,2,0,0,0,0,0,0,0,0,0,0,1,0,0,1,0,0,0,0,0,0,0,0,0,0,0,0,0,1,2,0,0,1,0,0,0,2,0,0,1,0,0,0,0,2,0,0,2,2
T90,0,0,0,0,0,0,0,0,0,0,0,0,0,0,0,2,0,0,0,0,0,0,0,0,0,0,1,0,0,0,0,0,0,0,0,0,0,0,0,0,0,0,0,1,2,0,0,1,0,0,0,2,0,0,1,0,0,0,0,2,0,0,3,2
T91,0,0,0,0,0,0,0,0,0,0,0,0,0,0,0,2,0,0,0,0,0,0,0,0,0,0,1,0,0,0,0,0,0,0,0,0,0,0,0,0,0,0,0,1,2,0,0,1,0,0,0,2,0,0,0,0,0,0,0,3,0,0,3,2
T92,0,0,0,0,0,0,0,0,0,0,0,0,0,0,0,2,0,0,0,0,0,0,0,0,0,0,0,0,0,0,0,0,0,0,0,0,0,0,0,0,0,0,0,1,3,0,0,1,0,0,0,2,0,0,0,0,0,0,0,3,0,0,3,2
T93,0,0,0,0,0,0,0,0,0,0,0,0,0,0,0,2,0,0,0,0,0,0,0,0,0,0,0,0,0,0,0,0,0,0,0,0,0,0,0,0,0,0,0,0,3,0,0,1,0,1,0,2,0,0,0,0,0,0,0,3,0,0,3,2
T94,0,0,0,0,0,0,0,1,0,0,0,0,0,0,0,2,0,0,0,0,0,0,0,0,0,0,0,0,0,0,0,0,0,0,0,0,0,0,0,0,0,0,0,0,3,0,0,0,0,1,0,2,0,0,0,0,0,0,0,3,0,0,3,2
T95,0,0,0,0,0,0,0,1,0,0,0,0,0,0,0,2,0,0,0,0,0,0,0,0,0,0,0,0,0,0,1,0,0,0,0,0,0,0,0,0,0,0,0,0,3,0,0,0,0,1,0,2,0,0,0,0,0,0,0,3,0,0,2,2
T96,0,0,0,0,0,0,0,1,0,0,0,0,0,0,0,2,0,0,0,0,0,0,0,0,0,0,0,0,0,0,1,0,0,0,0,0,0,0,0,0,0,0,0,0,3,0,0,0,0,1,0,2,0,0,0,0,0,0,1,2,0,0,2,2
T97,0,0,0,0,0,0,0,1,0,0,0,0,0,0,0,2,0,0,0,0,0,0,0,0,0,0,0,0,0,0,1,0,0,0,0,0,0,0,0,0,1,0,0,0,2,0,0,0,0,1,0,2,0,0,0,0,0,0,1,2,0,0,2,2
T98,0,0,0,0,0,0,0,1,0,0,0,0,0,0,0,2,0,0,0,0,0,0,0,0,0,0,0,0,0,0,1,0,0,0,1,0,0,0,0,0,1,0,0,0,2,0,0,0,0,1,0,1,0,0,0,0,0,0,1,2,0,0,2,2
T99,0,0,0,0,0,0,0,1,0,0,1,0,0,0,0,1,0,0,0,0,0,0,0,0,0,0,0,0,0,0,1,0,0,0,1,0,0,0,0,0,1,0,0,0,2,0,0,0,0,1,0,1,0,0,0,0,0,0,1,2,0,0,2,2
T100,0,0,0,0,0,0,0,1,0,0,1,0,0,0,0,1,0,0,0,0,0,0,0,0,0,0,0,0,0,0,1,0,0,0,1,0,0,0,0,0,1,1,0,0,2,0,0,0,0,1,0,1,0,0,0,0,0,0,1,2,0,0,2,1
T101,0,0,0,0,0,0,0,1,0,0,1,0,0,0,0,1,0,0,0,0,0,0,0,0,0,0,0,0,0,0,1,0,0,0,1,0,1,0,0,0,1,1,0,0,2,0,0,0,0,1,0,1,0,0,0,0,0,0,1,2,0,0,1,1
T102,0,0,0,0,0,0,0,1,0,0,1,0,0,0,0,1,0,0,1,0,0,0,0,0,0,0,0,0,0,0,1,0,0,0,1,0,1,0,0,0,1,1,0,0,2,0,0,0,0,1,0,1,0,0,0,0,0,0,1,1,0,0,1,1
T103,0,0,0,0,0,0,0,1,0,0,1,1,0,0,0,1,0,0,1,0,0,0,0,0,0,0,0,0,0,0,1,0,0,0,1,0,1,0,0,0,1,1,0,0,1,0,0,0,0,1,0,1,0,0,0,0,0,0,1,1,0,0,1,1
T104,0,0,0,0,0,0,0,1,0,0,1,1,0,0,0,1,0,0,1,0,0,0,0,0,0,0,0,0,0,0,1,0,0,0,1,0,1,0,0,0,1,1,0,0,1,0,0,1,0,1,0,0,0,0,0,0,0,0,1,1,0,0,1,1
T105,0,0,0,0,0,0,0,1,0,0,1,1,0,0,0,0,0,0,1,0,0,0,0,0,0,0,0,0,0,0,1,0,0,0,1,0,1,0,0,0,1,1,0,0,1,0,0,1,0,1,0,0,0,0,0,0,0,0,1,1,0,0,2,1
T106,0,0,0,0,0,0,0,1,0,0,1,1,0,0,0,0,0,0,1,0,0,0,0,0,0,0,0,0,0,0,1,0,0,0,1,0,1,0,0,0,1,1,0,0,1,0,0,1,0,1,0,0,0,0,0,0,1,0,1,1,0,0,2,0
T107,0,0,0,0,0,0,0,1,0,0,1,1,0,0,0,0,0,0,1,0,0,0,0,0,0,0,0,0,0,0,1,0,1,0,1,0,1,0,0,0,1,1,0,0,1,0,0,1,0,1,0,0,0,0,0,0,1,0,1,1,0,0,1,0
T108,0,0,0,1,0,0,0,1,0,0,1,1,0,0,0,0,0,0,1,0,0,0,0,0,0,0,0,0,0,0,1,0,1,0,1,0,1,0,0,0,1,1,0,0,1,0,0,1,0,1,0,0,0,0,0,0,1,0,1,0,0,0,1,0
T109,0,0,0,1,0,0,0,1,0,0,1,1,0,0,1,0,0,0,1,0,0,0,0,0,0,0,0,0,0,0,1,0,1,0,1,0,1,0,0,0,1,1,0,0,0,0,0,1,0,1,0,0,0,0,0,0,1,0,1,0,0,0,1,0
T110,0,0,0,1,0,0,0,1,0,0,1,1,0,0,1,0,0,0,1,0,0,0,0,0,0,0,0,0,0,0,1,0,1,0,1,0,1,0,0,0,1,1,0,0,0,0,0,1,0,0,0,0,0,0,0,0,1,1,1,0,0,0,1,0
T111,0,0,0,1,0,0,0,0,0,0,1,1,0,0,1,0,0,0,1,0,0,0,0,0,0,0,0,0,0,0,1,0,1,0,1,0,1,0,0,1,1,1,0,0,0,0,0,1,0,0,0,0,0,0,0,0,1,1,1,0,0,0,1,0
T112,0,0,0,1,0,0,0,0,0,0,1,1,0,0,1,0,0,0,1,0,0,0,0,0,0,0,0,0,1,0,0,0,1,0,1,0,1,0,0,1,1,1,0,0,0,0,0,1,0,0,0,0,0,0,0,0,1,1,1,0,0,0,1,0
T113,0,0,0,1,0,0,0,0,0,0,1,1,0,0,1,0,0,0,1,0,0,0,0,0,0,0,0,0,1,0,0,0,1,0,1,0,1,0,0,1,1,1,0,0,0,0,0,1,0,0,1,0,0,0,0,0,1,1,0,0,0,0,1,0
T114,0,0,0,1,0,0,0,0,0,0,2,1,0,0,1,0,0,0,1,0,0,0,0,0,0,0,0,0,1,0,0,0,1,0,1,0,1,0,0,1,0,1,0,0,0,0,0,1,0,0,1,0,0,0,0,0,1,1,0,0,0,0,1,0
T115,0,0,0,1,0,0,0,0,0,0,2,1,0,0,1,0,0,0,1,0,0,0,0,0,0,0,0,0,1,0,0,0,1,0,0,0,1,0,0,1,0,1,1,0,0,0,0,1,0,0,1,0,0,0,0,0,1,1,0,0,0,0,1,0
T116,0,0,0,1,0,0,0,0,0,0,1,1,0,0,1,0,0,0,1,0,0,0,0,0,0,0,0,0,1,0,0,0,1,0,0,0,1,0,0,1,0,2,1,0,0,0,0,1,0,0,1,0,0,0,0,0,1,1,0,0,0,0,1,0
T117,0,0,0,1,0,0,0,0,0,0,1,1,0,0,1,0,0,0,1,0,0,0,0,0,0,0,0,0,1,0,0,0,1,0,0,0,1,0,0,2,0,1,1,0,0,0,0,1,0,0,1,0,0,0,0,0,1,1,0,0,0,0,1,0
T118,0,0,0,1,0,0,0,0,0,0,1,1,0,0,1,0,0,0,1,0,0,0,0,0,0,0,0,0,2,0,0,0,1,0,0,0,0,0,0,2,0,1,1,0,0,0,0,1,0,0,1,0,0,0,0,0,1,1,0,0,0,0,1,0
T119,0,0,0,1,0,0,0,0,0,0,1,1,0,0,1,0,0,0,0,0,0,0,0,0,0,0,0,0,2,0,0,0,1,0,0,0,0,0,0,2,0,1,1,0,0,0,0,1,1,0,1,0,0,0,0,0,1,1,0,0,0,0,1,0
T120,0,0,0,2,0,0,0,0,0,0,1,0,0,0,1,0,0,0,0,0,0,0,0,0,0,0,0,0,2,0,0,0,1,0,0,0,0,0,0,2,0,1,1,0,0,0,0,1,1,0,1,0,0,0,0,0,1,1,0,0,0,0,1,0
T121,0,0,0,2,0,0,0,0,0,0,1,0,0,1,1,0,0,0,0,0,0,0,0,0,0,0,0,0,2,0,0,0,1,0,0,0,0,0,0,2,0,1,1,0,0,0,0,0,1,0,1,0,0,0,0,0,1,1,0,0,0,0,1,0
T122,0,0,0,2,0,0,0,0,0,0,1,0,0,1,1,0,0,0,0,0,0,0,0,0,0,0,0,0,2,0,0,0,1,0,0,0,0,0,0,2,0,1,1,0,0,0,0,0,1,0,1,0,0,1,0,0,1,1,0,0,0,0,0,0
T123,0,0,0,2,0,0,0,0,0,0,1,0,0,1,1,0,0,0,0,0,0,0,1,0,0,0,0,0,2,0,0,0,1,0,0,0,0,0,0,2,0,1,1,0,0,0,0,0,1,0,1,0,0,1,0,0,0,1,0,0,0,0,0,0
T124,0,0,0,2,0,0,0,0,0,0,1,0,0,1,1,0,0,0,0,0,0,0,1,0,1,0,0,0,2,0,0,0,0,0,0,0,0,0,0,2,0,1,1,0,0,0,0,0,1,0,1,0,0,1,0,0,0,1,0,0,0,0,0,0
T125,0,0,0,1,0,0,0,0,0,0,1,0,0,1,1,0,0,0,0,0,0,0,1,0,1,0,0,0,2,0,0,0,0,1,0,0,0,0,0,2,0,1,1,0,0,0,0,0,1,0,1,0,0,1,0,0,0,1,0,0,0,0,0,0
T126,0,0,0,1,0,0,1,0,0,0,1,0,0,1,0,0,0,0,0,0,0,0,1,0,1,0,0,0,2,0,0,0,0,1,0,0,0,0,0,2,0,1,1,0,0,0,0,0,1,0,1,0,0,1,0,0,0,1,0,0,0,0,0,0
T127,0,0,0,1,0,0,1,0,0,0,1,0,0,1,0,0,0,0,0,0,0,0,1,0,1,1,0,0,2,0,0,0,0,1,0,0,0,0,0,2,0,1,1,0,0,0,0,0,1,0,1,0,0,1,0,0,0,0,0,0,0,0,0,0
T128,0,0,0,1,0,0,1,0,0,0,1,0,0,1,0,0,0,0,0,0,0,0,1,0,1,1,0,0,2,0,0,0,0,1,0,0,0,0,0,2,0,1,1,0,0,0,0,0,1,0,1,0,0,1,0,0,0,0,0,0,0,0,0,0
T129,0,0,0,1,0,0,1,0,0,0,1,0,0,1,0,0,0,0,0,0,0,0,1,0,1,1,0,0,1,0,1,0,0,1,0,0,0,0,0,2,0,1,1,0,0,0,0,0,1,0,1,0,0,1,0,0,0,0,0,0,0,0,0,0
T130,0,0,0,1,0,0,1,0,0,0,1,0,0,1,0,0,0,0,0,0,0,0,1,0,1,1,0,0,1,0,1,0,0,1,0,0,0,0,0,2,0,1,1,0,0,0,0,0,1,0,0,0,0,1,0,0,1,0,0,0,0,0,0,0
T131,0,0,0,1,0,0,1,0,0,0,0,0,0,1,0,0,0,0,0,0,0,0,1,0,1,1,0,0,1,0,1,0,0,1,1,0,0,0,0,2,0,1,1,0,0,0,0,0,1,0,0,0,0,1,0,0,1,0,0,0,0,0,0,0
T132,0,0,0,1,0,0,1,0,0,0,1,0,0,1,0,0,0,0,0,0,0,0,1,0,1,1,0,0,1,0,1,0,0,1,1,0,0,0,0,2,0,1,0,0,0,0,0,0,1,0,0,0,0,1,0,0,1,0,0,0,0,0,0,0
T133,0,0,0,1,0,0,1,0,0,0,1,0,0,1,0,0,0,0,0,0,0,0,1,0,1,1,0,0,1,0,1,0,0,1,1,0,0,0,0,2,1,0,0,0,0,0,0,0,1,0,0,0,0,1,0,0,1,0,0,0,0,0,0,0
T134,0,0,0,1,0,0,1,0,0,0,1,0,0,1,0,0,0,0,0,0,0,0,1,0,1,1,0,0,1,0,1,0,0,1,2,0,0,0,0,1,1,0,0,0,0,0,0,0,1,0,0,0,0,1,0,0,1,0,0,0,0,0,0,0
T135,0,0,0,1,0,0,1,0,0,0,2,0,0,1,0,0,0,0,0,0,0,0,1,0,1,1,0,0,0,0,1,0,0,1,2,0,0,0,0,1,1,0,0,0,0,0,0,0,1,0,0,0,0,1,0,0,1,0,0,0,0,0,0,0
T136,0,0,0,1,0,0,1,0,0,0,2,0,0,1,0,0,0,0,0,0,0,0,1,0,1,1,0,0,0,0,1,0,0,1,2,0,0,0,0,1,1,0,0,1,0,0,0,0,0,0,0,0,0,1,0,0,1,0,0,0,0,0,0,0
T137,0,0,0,0,0,0,1,0,0,0,2,0,0,1,0,0,0,0,0,0,0,0,1,0,1,1,0,0,0,0,1,0,0,1,2,0,0,0,0,1,1,0,0,1,0,0,0,1,0,0,0,0,0,1,0,0,1,0,0,0,0,0,0,0
T138,0,0,0,0,0,0,1,0,0,0,2,0,0,0,0,0,0,0,0,0,0,0,1,0,1,1,0,0,0,0,1,0,0,1,2,0,0,0,0,1,1,0,0,1,0,0,0,1,0,0,0,0,0,1,0,0,1,0,0,0,0,0,1,0
T139,0,0,0,0,0,0,1,0,0,0,2,0,0,0,0,0,0,0,0,0,0,0,1,0,1,1,0,0,0,0,1,0,0,1,2,0,0,0,0,1,1,0,0,1,0,0,0,1,0,0,0,0,0,0,0,0,2,0,0,0,0,0,1,0
T140,0,0,0,0,0,0,1,0,0,0,2,0,0,0,0,0,0,0,0,0,0,0,0,0,1,1,0,0,0,0,1,0,1,1,2,0,0,0,0,1,1,0,0,1,0,0,0,1,0,0,0,0,0,0,0,0,2,0,0,0,0,0,1,0
T141,0,0,0,1,0,0,1,0,0,0,2,0,0,0,0,0,0,0,0,0,0,0,0,0,0,1,0,0,0,0,1,0,1,1,2,0,0,0,0,1,1,0,0,1,0,0,0,1,0,0,0,0,0,0,0,0,2,0,0,0,0,0,1,0
T142,0,0,0,1,0,0,1,0,0,0,2,0,0,0,1,0,0,0,0,0,0,0,0,0,0,1,0,0,0,0,1,0,1,0,2,0,0,0,0,1,1,0,0,1,0,0,0,1,0,0,0,0,0,0,0,0,2,0,0,0,0,0,1,0
T143,0,0,0,1,0,0,0,0,0,0,2,0,0,0,1,0,0,0,0,0,0,0,0,0,0,1,0,0,0,0,1,0,1,0,2,0,0,0,0,1,1,0,0,1,0,0,0,1,0,0,0,0,0,0,0,0,2,1,0,0,0,0,1,0
T144,0,0,0,1,0,0,0,0,0,0,2,0,0,0,1,0,0,0,0,0,0,0,0,0,0,0,0,0,0,0,1,0,1,0,2,0,0,0,0,2,1,0,0,1,0,0,0,1,0,0,0,0,0,0,0,0,2,1,0,0,0,0,1,0
T145,0,0,0,1,0,0,0,0,0,0,2,0,0,0,1,0,0,0,0,0,0,0,0,0,0,0,0,0,0,0,2,0,1,0,2,0,0,0,0,1,1,0,0,1,0,0,0,1,0,0,0,0,0,0,0,0,2,1,0,0,0,0,1,0
T146,0,0,0,1,0,0,0,0,0,0,2,0,0,0,1,0,0,0,0,0,0,0,0,0,0,0,0,0,0,0,1,0,1,0,2,0,0,0,0,1,1,0,0,1,0,0,0,1,0,0,0,0,0,0,0,0,2,1,1,0,0,0,1,0
T147,0,0,0,1,0,0,0,0,0,0,2,0,0,0,1,0,0,0,0,0,0,0,0,0,0,0,0,0,0,0,1,0,1,0,2,0,0,0,0,1,1,0,1,1,0,0,0,1,0,0,0,0,0,0,0,0,1,1,1,0,0,0,1,0
T148,0,0,0,1,0,0,0,0,0,0,2,0,0,0,1,0,0,0,0,0,0,0,0,0,0,0,0,0,0,0,1,0,1,0,1,0,0,0,0,1,1,0,1,2,0,0,0,1,0,0,0,0,0,0,0,0,1,1,1,0,0,0,1,0
T149,0,0,0,1,0,0,0,0,0,0,1,0,0,0,1,0,0,0,0,0,0,0,0,0,0,0,0,0,0,0,1,0,1,0,1,0,0,0,0,1,1,0,1,2,0,1,0,1,0,0,0,0,0,0,0,0,1,1,1,0,0,0,1,0
T150,0,0,0,1,0,0,0,0,0,0,1,0,0,0,1,0,0,0,0,0,0,0,0,0,0,0,0,0,0,0,1,0,1,0,1,0,0,0,0,1,0,0,1,2,0,1,0,1,0,0,0,0,0,0,0,1,1,1,1,0,0,0,1,0
T151,0,0,0,1,0,0,0,0,0,0,1,0,0,0,1,0,0,0,0,0,0,0,0,0,0,0,0,0,0,0,2,0,1,0,0,0,0,0,0,1,0,0,1,2,0,1,0,1,0,0,0,0,0,0,0,1,1,1,1,0,0,0,1,0
T152,0,0,0,1,0,0,0,0,0,0,0,0,0,0,1,0,0,0,0,0,0,0,0,0,0,0,0,0,0,0,2,0,1,0,0,0,0,0,0,1,0,0,1,2,0,1,0,1,0,0,0,0,0,0,0,1,1,1,2,0,0,0,1,0
T153,0,0,0,1,0,0,0,0,0,0,0,0,0,0,1,0,0,0,0,0,0,0,0,0,0,0,0,0,0,0,2,0,1,0,0,0,0,0,0,1,0,0,2,1,0,1,0,1,0,0,0,0,0,0,0,1,1,1,2,0,0,0,1,0
T154,0,0,0,1,0,0,0,0,0,0,0,0,0,0,1,0,0,0,0,0,0,0,0,0,0,0,0,0,0,0,2,0,1,0,0,0,0,0,0,1,0,1,2,1,0,1,0,0,0,0,0,0,0,0,0,1,1,1,2,0,0,0,1,0
T155,0,0,0,1,0,0,0,0,0,0,0,0,0,0,1,0,0,0,0,0,0,0,0,0,0,0,0,0,0,0,2,0,1,0,0,0,0,0,0,2,0,1,2,1,0,1,0,0,0,0,0,0,0,0,0,1,1,1,2,0,0,0,0,0
T156,0,0,0,1,0,0,0,0,0,0,0,0,0,0,1,0,0,0,0,0,0,0,0,0,0,0,0,0,0,0,2,1,1,0,0,0,0,0,0,2,0,1,2,1,0,1,0,0,0,0,0,0,0,0,0,1,0,1,2,0,0,0,0,0
T157,0,0,0,1,0,0,0,0,0,0,0,0,0,0,1,0,0,0,0,0,0,0,0,0,0,0,0,0,0,0,2,1,0,0,0,0,0,0,0,2,0,1,2,1,0,1,0,0,0,0,0,0,0,0,0,1,0,1,2,0,0,0,1,0
T158,0,0,0,0,0,0,0,0,0,0,0,0,0,0,1,0,0,0,0,0,0,0,0,0,0,0,0,0,0,0,2,1,0,0,0,0,0,0,0,2,0,1,2,1,0,1,0,0,0,0,0,0,0,0,0,1,0,1,3,0,0,0,1,0
T159,0,0,0,0,0,0,0,0,0,0,0,0,0,0,0,0,0,0,0,0,0,0,0,0,0,0,0,0,0,0,2,1,0,0,0,0,0,0,0,2,0,1,3,1,0,1,0,0,0,0,0,0,0,0,0,1,0,1,3,0,0,0,1,0
T160,0,0,0,0,0,0,0,0,0,0,0,0,0,0,0,0,0,0,0,0,0,0,0,0,0,0,0,0,0,0,2,1,0,0,0,0,0,0,0,2,1,1,3,1,0,1,0,0,0,0,0,0,0,0,0,1,0,0,3,0,0,0,1,0
T161,0,0,0,0,0,0,0,0,0,0,0,0,0,0,0,0,0,0,0,0,0,0,0,0,0,0,0,0,0,0,2,1,0,0,1,0,0,0,0,1,1,1,3,1,0,1,0,0,0,0,0,0,0,0,0,1,0,0,3,0,0,0,1,0
T162,0,0,0,0,0,0,0,0,0,0,1,0,0,0,0,0,0,0,0,0,0,0,0,0,0,0,0,0,0,0,1,1,0,0,1,0,0,0,0,1,1,1,3,1,0,1,0,0,0,0,0,0,0,0,0,1,0,0,3,0,0,0,1,0
T163,0,0,0,0,0,0,0,0,0,0,1,0,0,0,0,0,0,0,0,0,0,0,0,0,0,0,0,0,0,0,1,1,0,0,1,0,0,0,0,1,1,1,4,1,0,1,0,0,0,0,0,0,0,0,0,1,0,0,2,0,0,0,1,0
T164,0,0,0,0,0,0,0,0,0,0,1,0,0,0,0,0,0,0,0,0,0,0,0,0,0,0,0,0,0,0,1,1,0,0,1,0,0,0,0,1,1,2,3,1,0,1,0,0,0,0,0,0,0,0,0,1,0,0,2,0,0,0,1,0
T165,0,0,0,0,0,0,0,0,0,0,1,0,0,0,0,0,0,0,0,0,0,0,0,0,0,0,0,0,0,0,1,1,0,0,1,0,0,0,1,1,1,2,3,0,0,1,0,0,0,0,0,0,0,0,0,1,0,0,2,0,0,0,1,0
T166,0,0,0,0,0,0,0,0,0,0,1,0,0,0,0,0,0,0,0,0,0,0,0,0,0,0,0,1,0,0,1,1,0,0,1,0,0,0,1,1,1,2,3,0,0,0,0,0,0,0,0,0,0,0,0,1,0,0,2,0,0,0,1,0
T167,0,0,0,0,0,0,0,0,0,0,1,0,0,0,0,0,0,0,0,0,0,0,0,0,0,0,0,1,0,0,1,1,0,0,1,0,0,0,1,1,1,2,3,0,0,1,0,0,0,0,0,0,0,0,0,0,0,0,2,0,0,0,1,0
T168,0,0,0,0,0,0,0,0,0,0,1,0,0,0,0,0,0,0,0,0,0,0,0,0,0,0,0,1,0,0,0,1,0,0,1,0,0,0,1,1,1,2,3,0,0,1,0,0,0,0,0,0,0,0,0,1,0,0,2,0,0,0,1,0
T169,0,0,0,0,0,0,0,0,0,0,1,0,0,0,0,0,0,0,0,0,0,0,0,0,0,0,0,1,1,0,0,1,0,0,1,0,0,0,1,1,1,2,3,0,0,1,0,0,0,0,0,0,0,0,0,1,0,0,1,0,0,0,1,0
T170,0,0,0,0,0,0,0,0,0,0,1,0,0,0,0,0,0,0,0,0,0,0,0,0,0,0,0,1,1,0,0,1,0,0,1,0,0,0,1,1,1,2,2,0,0,1,0,0,0,0,1,0,0,0,0,1,0,0,1,0,0,0,1,0
T171,0,0,0,0,0,0,0,0,0,0,2,0,0,0,0,0,0,0,0,0,0,0,0,0,0,0,0,1,1,0,0,1,0,0,1,0,0,0,1,1,1,1,2,0,0,1,0,0,0,0,1,0,0,0,0,1,0,0,1,0,0,0,1,0
T172,0,0,0,0,0,0,0,0,0,0,2,0,0,0,0,0,0,0,0,0,0,0,0,0,0,0,0,1,1,0,0,1,0,0,1,0,0,0,1,0,2,1,2,0,0,1,0,0,0,0,1,0,0,0,0,1,0,0,1,0,0,0,1,0
T173,0,0,0,0,0,0,0,0,0,0,2,0,0,0,0,0,0,0,0,0,0,0,0,0,0,0,0,1,1,0,0,0,0,0,2,0,0,0,1,0,2,1,2,0,0,1,0,0,0,0,1,0,0,0,0,1,0,0,1,0,0,0,1,0
T174,0,0,0,0,0,0,0,0,0,0,3,0,0,0,0,0,0,0,0,0,0,0,0,0,0,0,0,1,1,0,0,0,0,0,2,0,0,0,1,0,2,1,2,0,0,1,0,0,0,0,1,0,0,0,0,1,0,0,1,0,0,0,0,0
T175,0,0,0,0,0,0,0,0,0,0,3,0,0,0,0,0,0,0,0,0,0,0,0,0,0,0,0,1,1,0,0,0,0,0,2,0,0,0,1,0,2,1,3,0,0,1,0,0,0,0,1,0,0,0,0,1,0,0,0,0,0,0,0,0
T176,0,0,0,0,0,0,0,0,0,0,3,0,0,0,0,0,0,0,0,0,0,0,0,0,0,0,0,1,1,0,0,0,0,0,2,0,0,0,1,0,2,2,2,0,0,1,0,0,0,0,1,0,0,0,0,1,0,0,0,0,0,0,0,0
T177,0,0,0,0,0,0,0,0,0,0,3,0,0,0,0,0,0,0,0,0,0,0,0,0,0,0,0,1,1,0,0,0,0,0,2,0,0,0,1,1,1,2,2,0,0,1,0,0,0,0,1,0,0,0,0,1,0,0,0,0,0,0,0,0
T178,0,0,0,0,0,0,0,0,0,0,3,0,0,0,0,0,0,0,0,0,0,0,0,0,0,0,0,1,2,0,0,0,0,0,1,0,0,0,1,1,1,2,2,0,0,1,0,0,0,0,1,0,0,0,0,1,0,0,0,0,0,0,0,0
T179,0,0,0,0,0,0,0,0,0,0,2,0,0,0,0,0,0,0,0,0,0,0,0,0,0,0,0,1,2,0,0,0,0,0,1,0,0,0,1,1,1,2,2,0,0,1,0,0,0,0,2,0,0,0,0,1,0,0,0,0,0,0,0,0
T180,0,0,0,0,0,0,0,0,0,0,3,0,0,0,0,0,0,0,0,0,0,0,0,0,0,0,0,1,2,0,0,0,0,0,1,0,0,0,1,1,1,2,1,0,0,1,0,0,0,0,2,0,0,0,0,1,0,0,0,0,0,0,0,0
T181,0,0,0,0,0,0,0,0,0,0,3,0,0,0,0,0,0,0,0,0,0,0,0,0,0,0,0,1,2,0,0,0,0,0,1,0,0,0,1,1,1,2,1,0,0,1,0,0,0,0,2,0,0,0,0,1,0,0,0,0,0,0,0,0
T182,0,0,0,0,0,0,0,0,0,0,3,0,0,0,0,0,0,0,0,0,0,0,0,0,0,0,0,1,2,0,0,0,0,0,1,0,1,0,0,1,1,2,1,0,0,1,0,0,0,0,2,0,0,0,0,1,0,0,0,0,0,0,0,0
T183,0,0,0,0,0,0,0,0,0,0,3,0,0,0,0,0,0,0,1,0,0,0,0,0,0,0,0,0,2,0,0,0,0,0,1,0,1,0,0,1,1,2,1,0,0,1,0,0,0,0,2,0,0,0,0,1,0,0,0,0,0,0,0,0
T184,0,0,0,0,0,0,0,0,0,0,3,1,0,0,0,0,0,0,1,0,0,0,0,0,0,0,0,0,2,0,0,0,0,0,1,0,1,0,0,1,1,2,1,0,0,0,0,0,0,0,2,0,0,0,0,1,0,0,0,0,0,0,0,0
T185,0,0,0,0,0,0,0,0,0,0,3,1,0,0,0,0,0,0,1,0,0,0,0,0,0,0,0,0,2,0,0,0,0,0,1,0,1,0,0,1,1,2,1,0,0,0,0,1,0,0,2,0,0,0,0,0,0,0,0,0,0,0,0,0
T186,0,0,0,0,0,0,0,0,0,0,3,1,0,0,0,0,0,0,1,0,0,0,0,0,0,0,0,0,1,0,0,0,0,0,1,0,1,0,0,1,1,2,1,0,0,0,0,1,0,0,2,0,0,0,0,0,0,0,0,0,0,0,1,0
T187,0,0,0,0,0,0,0,0,0,0,3,1,0,0,0,0,0,0,1,0,0,0,0,0,0,0,0,0,1,0,0,0,0,0,1,0,1,0,0,1,1,2,1,0,0,0,0,1,0,0,1,0,0,0,0,0,0,0,0,1,0,0,1,0
T188,0,0,0,0,0,0,0,0,0,0,2,1,0,0,0,0,0,0,1,0,0,0,0,0,0,0,0,0,1,0,0,0,0,0,1,0,1,0,0,1,1,2,1,0,0,1,0,1,0,0,1,0,0,0,0,0,0,0,0,1,0,0,1,0
T189,0,0,0,0,0,0,0,0,0,0,2,1,0,0,0,0,0,0,1,0,0,0,0,0,0,0,0,0,1,0,0,0,0,0,1,0,1,0,0,1,0,2,1,0,0,1,0,1,0,0,1,0,0,0,0,1,0,0,0,1,0,0,1,0
T190,0,0,0,0,0,0,0,0,0,0,2,1,0,0,0,0,0,0,1,0,0,0,0,0,0,0,0,0,1,0,1,0,0,0,0,0,1,0,0,1,0,2,1,0,0,1,0,1,0,0,1,0,0,0,0,1,0,0,0,1,0,0,1,0
T191,0,0,0,0,0,0,0,0,0,0,1,1,0,0,0,0,0,0,1,0,0,0,0,0,0,0,0,0,1,0,1,0,0,0,0,0,1,0,0,1,0,2,1,0,0,1,0,1,0,0,1,0,0,0,0,1,1,0,0,1,0,0,1,0
T192,0,0,0,0,0,0,0,0,0,0,1,1,0,0,0,0,0,0,1,0,0,0,0,0,0,0,0,0,1,0,1,0,0,0,0,1,1,0,0,1,0,2,0,0,0,1,0,1,0,0,1,0,0,0,0,1,1,0,0,1,0,0,1,0
T193,0,0,0,0,0,0,0,0,0,0,1,1,0,1,0,0,0,0,1,0,0,0,0,0,0,0,0,0,1,0,1,0,0,0,0,1,1,0,0,1,0,1,0,0,0,1,0,1,0,0,1,0,0,0,0,1,1,0,0,1,0,0,1,0
T194,0,0,0,0,0,0,0,0,0,0,1,1,0,1,0,0,0,0,1,0,0,0,0,0,0,0,0,0,1,0,1,0,0,0,0,1,1,0,0,0,0,1,0,0,0,1,0,1,0,0,1,0,0,0,0,2,1,0,0,1,0,0,1,0
T195,0,0,0,0,0,0,0,0,0,0,1,1,0,1,0,0,0,0,1,0,0,0,0,0,0,0,0,0,0,0,2,0,0,0,0,1,1,0,0,0,0,1,0,0,0,1,0,1,0,0,1,0,0,0,0,2,1,0,0,1,0,0,1,0
T196,0,0,0,0,0,0,0,0,0,0,1,1,0,1,0,0,0,0,1,0,0,0,0,0,0,0,0,0,0,0,2,0,0,0,0,1,1,0,0,0,0,1,0,0,0,1,0,1,0,0,0,0,0,0,0,2,1,1,0,1,0,0,1,0
T197,0,0,0,0,0,0,0,0,0,0,0,1,0,1,0,0,0,0,1,0,0,0,0,0,0,0,0,0,0,0,2,0,0,0,0,1,1,1,0,0,0,1,0,0,0,1,0,1,0,0,0,0,0,0,0,2,1,1,0,1,0,0,1,0
T198,0,0,0,0,0,0,0,0,0,0,0,1,0,1,0,0,0,0,1,0,0,0,1,0,0,0,0,0,0,0,2,0,0,0,0,1,1,1,0,0,0,0,0,0,0,1,0,1,0,0,0,0,0,0,0,2,1,1,0,1,0,0,1,0
T199,0,0,0,0,0,0,0,0,0,0,0,1,0,1,0,0,0,0,1,0,0,0,1,0,1,0,0,0,0,0,2,0,0,0,0,1,0,1,0,0,0,0,0,0,0,1,0,1,0,0,0,0,0,0,0,2,1,1,0,1,0,0,1,0
T200,0,0,0,0,0,0,0,0,0,0,0,1,0,1,0,0,0,0,0,0,0,0,1,0,1,0,0,0,0,0,2,0,0,0,0,2,0,1,0,0,0,0,0,0,0,1,0,1,0,0,0,0,0,0,0,2,1,1,0,1,0,0,1,0
T201,0,0,0,0,0,0,0,0,0,0,0,0,0,1,1,0,0,0,0,0,0,0,1,0,1,0,0,0,0,0,2,0,0,0,0,2,0,1,0,0,0,0,0,0,0,1,0,1,0,0,0,0,0,0,0,2,1,1,0,1,0,0,1,0
T202,0,0,0,0,0,0,0,0,0,0,0,0,0,1,1,0,0,0,0,0,0,0,1,0,1,0,0,0,0,0,2,0,0,0,0,2,0,1,0,0,0,0,0,0,0,1,0,0,0,0,0,0,0,0,0,2,1,1,1,1,0,0,1,0
T203,0,0,0,0,0,0,0,0,0,0,0,0,0,1,1,0,0,0,0,0,0,0,1,0,1,0,0,0,0,0,2,0,0,0,0,2,0,1,0,0,0,0,0,1,0,1,0,0,0,0,0,0,0,0,0,2,1,1,1,1,0,0,0,0
T204,0,0,0,0,0,0,0,0,0,0,0,0,0,1,1,0,0,0,0,0,0,0,1,0,1,0,0,0,0,0,2,0,0,0,0,2,0,1,0,0,0,0,0,1,0,1,1,0,0,0,0,0,0,0,0,2,1,1,1,0,0,0,0,0
T205,0,0,0,0,0,0,0,0,0,0,0,0,0,1,1,0,0,0,0,0,0,0,1,0,1,0,0,0,0,0,2,0,0,0,0,2,0,1,0,0,0,0,0,1,0,0,1,0,0,0,0,0,0,0,0,2,1,2,1,0,0,0,0,0
T206,0,0,0,0,0,0,0,0,0,0,0,0,0,1,1,0,0,0,0,0,0,0,1,0,1,0,0,0,0,0,2,0,0,0,0,2,1,1,0,0,0,0,0,1,0,0,1,0,0,0,0,0,0,0,0,1,1,2,1,0,0,0,0,0
T207,0,0,0,0,0,0,0,0,0,0,0,0,0,1,1,0,0,0,1,0,0,0,1,0,1,0,0,0,0,0,1,0,0,0,0,2,1,1,0,0,0,0,0,1,0,0,1,0,0,0,0,0,0,0,0,1,1,2,1,0,0,0,0,0
T208,0,0,0,0,0,0,0,0,0,0,1,0,0,1,1,0,0,0,1,0,0,0,1,0,1,0,0,0,0,0,1,0,0,0,0,2,1,1,0,0,0,0,0,1,0,0,1,0,0,0,0,0,0,0,0,1,0,2,1,0,0,0,0,0
T209,0,0,0,0,0,0,0,0,0,0,1,0,0,1,1,0,0,0,1,0,0,0,1,0,1,0,0,0,0,0,1,0,0,0,0,1,1,1,0,0,0,0,1,1,0,0,1,0,0,0,0,0,0,0,0,1,0,2,1,0,0,0,0,0
T210,0,0,0,0,0,0,0,0,0,0,1,0,0,0,1,0,0,0,1,0,0,0,1,0,1,0,0,0,0,0,1,0,0,0,0,1,1,1,0,0,0,0,2,1,0,0,1,0,0,0,0,0,0,0,0,1,0,2,1,0,0,0,0,0
T211,0,0,0,0,0,0,0,0,0,0,1,0,0,0,1,0,0,0,1,0,0,0,1,0,1,0,0,0,0,0,1,0,0,0,0,1,1,1,0,0,0,0,2,2,0,0,1,0,0,0,0,0,0,0,0,0,0,2,1,0,0,0,0,0
T212,0,0,0,0,0,0,0,0,0,0,1,0,0,0,1,0,0,0,1,0,0,0,1,0,1,0,0,0,0,0,0,0,0,0,0,1,1,1,0,0,0,0,2,2,1,0,1,0,0,0,0,0,0,0,0,0,0,2,1,0,0,0,0,0
T213,0,0,0,0,0,0,0,0,0,0,1,0,0,0,1,0,0,0,1,0,0,0,1,0,1,0,0,0,0,0,0,0,0,0,0,1,1,1,0,0,0,0,2,2,1,0,1,0,0,0,1,0,0,0,0,0,0,1,1,0,0,0,0,0
T214,0,0,0,0,0,0,0,0,0,0,2,0,0,0,1,0,0,0,1,0,0,0,1,0,1,0,0,0,0,0,0,0,0,0,0,1,1,0,0,0,0,0,2,2,1,0,1,0,0,0,1,0,0,0,0,0,0,1,1,0,0,0,0,0
T215,0,0,0,0,0,0,0,0,0,0,2,0,0,0,1,0,0,0,1,0,0,0,0,0,1,0,0,0,0,0,0,0,0,0,0,1,1,0,0,0,1,0,2,2,1,0,1,0,0,0,1,0,0,0,0,0,0,1,1,0,0,0,0,0
T216,0,0,0,0,0,0,0,0,0,0,2,0,0,0,1,0,0,0,1,0,0,0,0,0,0,0,0,0,0,0,0,0,0,0,1,1,1,0,0,0,1,0,2,2,1,0,1,0,0,0,1,0,0,0,0,0,0,1,1,0,0,0,0,0
T217,0,0,0,0,0,0,0,0,1,0,2,0,0,0,1,0,0,0,1,0,0,0,0,0,0,0,0,0,0,0,0,0,0,0,1,0,1,0,0,0,1,0,2,2,1,0,1,0,0,0,1,0,0,0,0,0,0,1,1,0,0,0,0,0
T218,0,0,0,0,0,0,0,0,1,0,2,0,0,0,0,0,0,0,1,0,0,0,0,0,0,0,0,0,0,0,0,0,0,1,1,0,1,0,0,0,1,0,2,2,1,0,1,0,0,0,1,0,0,0,0,0,0,1,1,0,0,0,0,0
T219,0,0,0,0,0,0,0,1,1,0,2,0,0,0,0,0,0,0,1,0,0,0,0,0,0,0,0,0,0,0,0,0,0,1,1,0,1,0,0,0,1,0,2,2,1,0,1,0,0,0,1,0,0,0,0,0,0,1,0,0,0,0,0,0
T220,0,0,0,0,0,0,0,1,1,0,2,0,0,0,0,0,0,0,1,0,0,0,0,0,0,0,0,0,1,0,0,0,0,1,1,0,1,0,0,0,1,0,2,1,1,0,1,0,0,0,1,0,0,0,0,0,0,1,0,0,0,0,0,0
T221,0,0,0,0,0,0,0,1,1,0,2,0,0,0,0,0,0,0,1,0,0,0,0,0,0,0,0,0,1,0,0,0,0,1,1,0,1,0,0,0,1,0,2,1,1,0,0,0,1,0,1,0,0,0,0,0,0,1,0,0,0,0,0,0
T222,0,0,0,1,0,0,0,1,1,0,2,0,0,0,0,0,0,0,1,0,0,0,0,0,0,0,0,0,1,0,0,0,0,1,1,0,1,0,0,0,1,0,2,1,1,0,0,0,1,0,1,0,0,0,0,0,0,0,0,0,0,0,0,0
T223,0,0,0,1,0,0,0,1,1,0,2,0,0,0,1,0,0,0,1,0,0,0,0,0,0,0,0,0,1,0,0,0,0,1,1,0,0,0,0,0,1,0,2,1,1,0,0,0,1,0,1,0,0,0,0,0,0,0,0,0,0,0,0,0
T224,0,0,0,1,0,0,0,1,1,0,2,0,0,0,1,0,0,0,0,0,0,0,0,0,0,0,0,0,1,0,0,0,0,1,1,0,0,0,0,0,1,0,2,1,1,0,0,0,1,0,1,0,0,0,0,0,1,0,0,0,0,0,0,0
T225,0,0,0,1,0,0,0,1,1,0,1,0,0,0,1,0,0,0,0,0,0,0,0,0,0,0,0,0,1,0,0,0,0,1,1,1,0,0,0,0,1,0,2,1,1,0,0,0,1,0,1,0,0,0,0,0,1,0,0,0,0,0,0,0
T226,0,0,0,1,0,0,0,1,1,0,1,0,0,0,2,0,0,0,0,0,0,0,0,0,0,0,0,0,1,0,0,0,0,1,1,1,0,0,0,0,1,0,1,1,1,0,0,0,1,0,1,0,0,0,0,0,1,0,0,0,0,0,0,0
T227,0,0,0,1,0,0,0,1,1,0,1,0,0,0,2,0,0,0,0,0,0,0,0,0,0,0,0,0,1,0,0,0,0,1,1,1,0,0,0,0,1,0,0,1,1,0,0,0,1,0,1,0,0,0,0,0,2,0,0,0,0,0,0,0
T228,0,0,0,1,0,0,0,1,1,0,1,0,0,0,2,0,0,0,0,0,0,0,0,0,0,0,0,0,1,0,0,0,0,1,2,1,0,0,0,0,1,0,0,0,1,0,0,0,1,0,1,0,0,0,0,0,2,0,0,0,0,0,0,0
T229,0,0,0,1,0,0,0,1,1,0,1,1,0,0,2,0,0,0,0,0,0,0,0,0,0,0,0,0,1,0,0,0,0,1,2,1,0,0,0,0,1,0,0,0,0,0,0,0,1,0,1,0,0,0,0,0,2,0,0,0,0,0,0,0
T230,0,0,0,1,0,0,0,1,1,0,1,1,0,0,2,0,0,0,0,0,0,0,0,0,0,0,0,0,1,0,0,0,0,1,2,1,0,0,0,0,1,0,0,0,1,0,0,0,1,0,0,0,0,0,0,0,2,0,0,0,0,0,0,0
T231,0,0,0,1,0,0,0,1,1,0,0,1,0,0,2,0,0,0,0,0,0,0,0,0,0,0,0,0,1,0,0,0,0,1,2,1,0,0,0,0,1,0,0,0,1,0,0,0,1,0,1,0,0,0,0,0,2,0,0,0,0,0,0,0
T232,0,0,0,1,0,0,0,1,1,1,0,1,0,0,2,0,0,0,0,0,0,0,0,0,0,0,0,0,1,0,0,0,0,1,2,1,0,0,0,0,0,0,0,0,1,0,0,0,1,0,1,0,0,0,0,0,2,0,0,0,0,0,0,0
T233,0,0,0,1,0,0,0,1,1,1,0,1,0,0,2,0,0,0,0,0,0,0,0,0,0,0,0,0,1,0,0,0,0,1,1,1,0,1,0,0,0,0,0,0,1,0,0,0,1,0,1,0,0,0,0,0,2,0,0,0,0,0,0,0
T234,0,0,0,1,0,0,0,1,0,1,0,1,0,0,2,0,0,0,0,0,0,0,1,0,0,0,0,0,1,0,0,0,0,1,1,1,0,1,0,0,0,0,0,0,1,0,0,0,1,0,1,0,0,0,0,0,2,0,0,0,0,0,0,0
T235,0,0,0,1,0,0,0,1,0,1,0,1,0,0,2,0,0,0,0,0,0,0,1,0,0,1,0,0,1,0,0,0,0,0,1,1,0,1,0,0,0,0,0,0,1,0,0,0,1,0,1,0,0,0,0,0,2,0,0,0,0,0,0,0
T236,0,0,0,1,0,0,0,0,0,1,0,1,0,0,2,0,0,0,0,0,0,0,1,0,0,1,0,0,1,0,0,0,0,0,1,1,0,2,0,0,0,0,0,0,1,0,0,0,1,0,1,0,0,0,0,0,2,0,0,0,0,0,0,0
T237,0,0,0,1,0,0,0,0,0,1,0,1,0,0,2,0,0,0,0,0,0,0,2,0,0,1,0,0,0,0,0,0,0,0,1,1,0,2,0,0,0,0,0,0,1,0,0,0,1,0,1,0,0,0,0,0,2,0,0,0,0,0,0,0
T238,0,0,0,1,0,0,0,0,0,1,0,1,0,0,2,0,0,0,0,0,0,0,2,0,1,1,0,0,0,0,0,0,0,0,1,1,0,2,0,0,0,0,0,0,1,0,0,0,0,0,1,0,0,0,0,0,2,0,0,0,0,0,0,0
T239,0,0,0,0,0,0,0,0,0,1,0,1,0,0,2,0,0,0,0,0,0,0,2,0,1,1,0,0,0,0,0,0,1,0,1,1,0,2,0,0,0,0,0,0,1,0,0,0,0,0,1,0,0,0,0,0,2,0,0,0,0,0,0,0
T240,0,0,0,1,0,0,0,0,0,1,0,1,0,0,1,0,0,0,0,0,0,0,2,0,1,1,0,0,0,0,0,0,1,0,1,1,0,2,0,0,0,0,0,0,1,0,0,0,0,0,1,0,0,0,0,0,2,0,0,0,0,0,0,0
T241,0,0,0,1,0,0,0,0,0,1,0,1,0,1,1,0,0,0,0,0,0,0,2,0,1,1,0,0,0,0,0,0,1,0,1,1,0,2,0,0,0,0,0,0,1,0,0,0,0,0,1,0,0,0,0,0,1,0,0,0,0,0,0,0
T242,0,0,0,1,0,0,0,0,0,1,0,1,0,1,1,0,0,0,0,0,0,0,2,0,1,1,0,0,0,0,0,0,1,0,1,0,0,2,0,0,0,0,0,0,1,0,0,0,0,0,1,0,0,0,1,0,1,0,0,0,0,0,0,0
T243,0,0,0,1,0,0,0,0,0,1,0,1,0,1,0,0,0,0,0,0,0,0,2,0,1,1,1,0,0,0,0,0,1,0,1,0,0,2,0,0,0,0,0,0,1,0,0,0,0,0,1,0,0,0,1,0,1,0,0,0,0,0,0,0
T244,0,0,0,1,0,0,0,0,0,1,0,1,0,1,0,0,0,0,0,0,0,0,2,0,1,1,1,0,0,0,0,0,1,0,1,0,0,2,0,0,0,0,0,1,1,0,0,0,0,0,1,0,0,0,1,0,0,0,0,0,0,0,0,0
T245,0,0,0,1,0,0,0,0,0,1,0,1,0,1,0,0,0,0,0,0,0,0,2,0,1,1,1,0,0,0,0,0,1,0,0,0,0,2,0,0,0,0,0,1,1,0,1,0,0,0,1,0,0,0,1,0,0,0,0,0,0,0,0,0
T246,0,0,0,1,0,0,0,0,0,1,0,0,0,1,0,0,0,0,0,0,0,0,2,0,1,1,1,0,0,0,0,0,1,0,0,0,0,2,0,0,0,0,0,1,1,0,1,0,0,0,1,0,0,0,1,0,0,0,1,0,0,0,0,0
T247,0,0,0,1,0,0,0,0,0,1,0,0,0,1,0,0,0,0,0,0,0,0,2,0,1,1,1,0,0,0,0,0,1,0,0,0,0,2,0,0,1,0,0,1,0,0,1,0,0,0,1,0,0,0,1,0,0,0,1,0,0,0,0,0
T248,0,0,0,1,0,0,0,0,0,1,0,0,0,1,0,0,0,0,0,0,0,0,2,0,1,1,1,0,0,0,0,0,1,1,0,0,0,2,0,0,1,0,0,1,0,0,1,0,0,0,0,0,0,0,1,0,0,0,1,0,0,0,0,0
T249,0,0,0,1,0,0,0,1,0,0,0,0,0,1,0,0,0,0,0,0,0,0,2,0,1,1,1,0,0,0,0,0,1,1,0,0,0,2,0,0,1,0,0,1,0,0,1,0,0,0,0,0,0,0,1,0,0,0,1,0,0,0,0,0
T250,0,0,0,1,0,0,0,1,0,0,0,0,0,1,0,0,0,0,0,0,0,0,2,0,1,1,1,0,0,0,1,0,1,1,0,0,0,1,0,0,1,0,0,1,0,0,1,0,0,0,0,0,0,0,1,0,0,0,1,0,0,0,0,0
T251,0,0,0,1,0,0,0,1,0,0,0,0,0,1,0,0,0,0,0,0,0,0,1,0,1,1,1,0,0,0,1,0,1,1,0,0,0,1,0,0,1,0,0,1,0,0,1,0,0,0,0,0,0,0,1,0,0,0,2,0,0,0,0,0
T252,0,0,0,1,0,0,0,1,0,0,0,0,0,1,0,0,0,0,0,0,0,0,1,0,1,0,1,0,0,0,1,0,1,1,0,0,0,1,0,0,1,0,1,1,0,0,1,0,0,0,0,0,0,0,1,0,0,0,2,0,0,0,0,0
T253,0,0,0,1,0,0,0,1,0,0,0,0,0,1,0,0,0,0,0,0,0,0,1,0,1,0,1,0,0,0,1,0,1,1,0,0,0,0,0,0,1,0,1,2,0,0,1,0,0,0,0,0,0,0,1,0,0,0,2,0,0,0,0,0
T254,0,0,0,1,0,0,0,1,0,0,0,0,0,1,0,0,0,0,0,0,0,0,0,0,1,0,1,0,0,0,1,0,1,1,0,0,0,0,0,0,1,0,1,2,1,0,1,0,0,0,0,0,0,0,1,0,0,0,2,0,0,0,0,0
T255,0,0,0,1,0,0,0,1,0,0,0,0,0,1,0,0,0,0,0,0,0,0,0,0,0,0,1,0,0,0,1,0,1,1,0,0,0,0,0,0,1,0,1,2,1,0,1,0,1,0,0,0,0,0,1,0,0,0,2,0,0,0,0,0
T256,0,0,0,2,0,0,0,1,0,0,0,0,0,1,0,0,0,0,0,0,0,0,0,0,0,0,1,0,0,0,1,0,0,1,0,0,0,0,0,0,1,0,1,2,1,0,1,0,1,0,0,0,0,0,1,0,0,0,2,0,0,0,0,0
T257,0,0,0,1,0,0,0,1,0,0,0,0,0,1,0,1,0,0,0,0,0,0,0,0,0,0,1,0,0,0,1,0,0,1,0,0,0,0,0,0,1,0,1,2,1,0,1,0,1,0,0,0,0,0,1,0,0,0,2,0,0,0,0,0
T258,0,0,0,1,0,0,0,1,0,0,0,0,0,0,0,1,0,0,0,0,0,0,0,0,0,0,1,0,0,0,1,0,0,1,0,0,0,0,0,0,1,0,1,2,1,0,1,0,1,0,0,0,0,0,1,0,0,0,2,0,0,0,1,0
T259,0,0,0,1,0,0,0,1,0,0,0,0,0,0,0,1,0,0,0,0,0,0,0,0,0,0,1,0,0,0,1,0,0,1,0,0,0,0,0,0,1,0,1,2,1,0,1,0,1,0,0,0,0,0,0,0,0,1,2,0,0,0,1,0
T260,0,0,0,1,0,0,0,1,0,0,0,0,0,0,0,1,0,0,0,0,0,0,0,0,0,0,0,0,0,0,1,0,0,1,0,0,1,0,0,0,1,0,1,2,1,0,1,0,1,0,0,0,0,0,0,0,0,1,2,0,0,0,1,0
T261,0,0,0,1,0,0,0,1,0,0,0,0,0,0,0,1,0,0,1,0,0,0,0,0,0,0,0,0,0,0,1,0,0,1,0,0,1,0,0,0,1,0,1,1,1,0,1,0,1,0,0,0,0,0,0,0,0,1,2,0,0,0,1,0
T262,0,0,0,1,0,0,0,1,0,0,0,1,0,0,0,1,0,0,1,0,0,0,0,0,0,0,0,0,0,0,1,0,0,1,0,0,1,0,0,0,1,0,1,1,1,0,0,0,1,0,0,0,0,0,0,0,0,1,2,0,0,0,1,0
T263,0,0,0,1,0,0,0,1,0,0,0,1,0,0,0,1,0,0,1,0,0,0,0,0,0,0,0,0,0,0,1,0,0,1,0,0,1,0,0,0,1,0,1,1,1,1,0,0,1,0,0,0,0,0,0,0,0,1,1,0,0,0,1,0
T264,0,0,0,1,0,0,0,1,0,0,0,1,0,0,0,1,0,0,1,0,0,0,0,0,0,0,0,0,0,0,1,0,0,1,0,0,1,0,0,0,0,0,1,1,1,1,0,0,1,0,0,0,0,0,1,0,0,1,1,0,0,0,1,0
T265,0,0,0,1,0,0,0,1,0,0,0,1,0,0,0,1,0,0,1,0,0,0,0,0,0,0,1,0,0,0,1,0,0,0,0,0,1,0,0,0,0,0,1,1,1,1,0,0,1,0,0,0,0,0,1,0,0,1,1,0,0,0,1,0
T266,0,0,0,1,0,0,0,0,0,0,0,1,0,0,0,1,0,0,1,0,0,0,0,0,0,0,1,0,0,0,1,0,0,0,0,0,1,0,0,0,1,0,1,1,1,1,0,0,1,0,0,0,0,0,1,0,0,1,1,0,0,0,1,0
T267,0,0,0,1,0,0,0,0,0,0,0,1,0,0,0,1,0,0,1,0,0,0,0,0,0,0,1,0,0,0,0,0,0,0,0,1,1,0,0,0,1,0,1,1,1,1,0,0,1,0,0,0,0,0,1,0,0,1,1,0,0,0,1,0
T268,0,0,0,1,0,0,0,0,0,0,0,1,0,0,0,2,0,0,1,0,0,0,0,0,0,0,1,0,0,0,0,0,0,0,0,1,1,0,0,0,1,0,1,1,1,1,0,0,1,0,0,0,0,0,1,0,0,1,0,0,0,0,1,0
T269,0,0,0,1,0,0,0,0,0,0,0,1,0,0,0,2,0,0,1,0,0,0,0,0,0,0,1,0,0,0,0,0,0,0,0,1,1,0,0,0,1,0,0,1,1,1,0,0,1,0,0,0,0,0,1,0,0,1,0,0,1,0,1,0
T270,0,0,0,1,0,0,0,0,0,0,0,1,0,0,0,2,0,0,1,0,0,0,0,0,0,0,1,0,0,0,0,0,0,0,0,1,1,0,0,0,1,0,0,0,1,1,0,0,1,0,0,1,0,0,1,0,0,1,0,0,1,0,1,0
T271,0,0,0,1,0,0,0,0,0,0,0,1,0,0,1,2,0,0,1,0,0,0,0,0,0,0,1,0,0,0,0,0,0,0,0,1,1,0,0,0,1,0,0,0,0,1,0,0,1,0,0,1,0,0,1,0,0,1,0,0,1,0,1,0
T272,0,0,0,1,0,0,0,0,0,0,0,1,0,0,1,2,0,0,1,0,0,0,0,0,0,0,1,0,0,0,0,0,0,0,0,1,1,0,0,0,1,0,0,0,0,1,0,0,0,0,0,1,0,0,1,0,0,1,0,1,1,0,1,0
T273,0,0,0,0,0,0,0,0,0,0,0,1,0,0,1,2,0,0,1,0,0,0,0,0,0,0,1,0,0,0,0,0,0,0,0,1,1,0,0,0,1,0,0,0,0,1,1,0,0,0,0,1,0,0,1,0,0,1,0,1,1,0,1,0
T274,0,0,0,0,0,0,0,0,0,0,0,1,0,0,1,1,0,0,1,0,0,0,0,0,0,0,1,0,0,0,0,0,0,0,0,1,1,0,0,0,1,0,0,0,0,1,1,0,0,0,0,1,0,0,1,0,1,1,0,1,1,0,1,0
T275,0,0,0,0,0,0,0,0,0,0,0,1,0,0,1,1,0,0,1,0,0,0,0,0,0,0,1,0,0,0,0,0,0,0,1,1,1,0,0,0,1,0,0,0,0,1,1,0,0,0,0,1,0,0,1,0,1,1,0,1,1,0,0,0
T276,0,0,0,0,0,0,0,0,0,0,1,1,0,0,1,1,0,0,1,0,0,0,0,0,0,0,1,0,0,0,0,0,0,0,1,1,1,0,0,0,1,0,0,0,0,1,1,0,0,0,0,1,0,0,1,0,1,0,0,1,1,0,0,0
T277,0,0,0,0,0,0,0,0,0,0,1,1,0,0,1,1,0,0,1,0,0,0,0,0,0,0,1,0,0,0,0,0,0,0,1,1,0,0,0,0,2,0,0,0,0,1,1,0,0,0,0,1,0,0,1,0,1,0,0,1,1,0,0,0
T278,0,0,0,0,0,0,0,0,0,0,1,1,0,0,1,1,0,0,0,0,0,0,0,0,0,0,1,0,0,0,0,0,0,1,1,1,0,0,0,0,2,0,0,0,0,1,1,0,0,0,0,1,0,0,1,0,1,0,0,1,1,0,0,0
T279,0,0,0,0,0,0,1,0,0,0,1,0,0,0,1,1,0,0,0,0,0,0,0,0,0,0,1,0,0,0,0,0,0,1,1,1,0,0,0,0,2,0,0,0,0,1,1,0,0,0,0,1,0,0,1,0,1,0,0,1,1,0,0,0
T280,0,0,0,0,0,0,1,0,0,0,1,0,0,0,1,1,0,0,0,0,0,0,0,0,0,1,1,0,0,0,0,0,0,1,1,1,0,0,0,0,2,0,0,0,0,0,1,0,0,0,0,1,0,0,1,0,1,0,0,1,1,0,0,0
T281,0,0,0,0,0,0,1,0,0,0,1,0,0,0,1,1,0,0,0,0,0,0,0,0,0,1,1,0,0,0,0,0,0,1,1,1,0,1,0,0,2,0,0,0,0,0,1,0,0,0,0,1,0,0,0,0,1,0,0,1,1,0,0,0
T282,0,0,0,0,0,0,1,0,0,0,1,0,0,0,1,1,0,0,0,0,0,0,1,0,0,1,0,0,0,0,0,0,0,1,1,1,0,1,0,0,2,0,0,0,0,0,1,0,0,0,0,1,0,0,0,0,1,0,0,1,1,0,0,0
T283,0,0,0,0,0,0,1,0,0,0,1,0,0,0,1,1,0,0,0,0,0,0,1,0,0,2,0,0,0,0,0,0,0,1,1,1,0,1,0,0,1,0,0,0,0,0,1,0,0,0,0,1,0,0,0,0,1,0,0,1,1,0,0,0
T284,0,0,0,0,0,0,1,0,0,0,1,0,0,0,1,1,0,0,0,0,0,0,1,0,0,2,0,0,0,0,0,0,0,1,1,0,0,2,0,0,1,0,0,0,0,0,1,0,0,0,0,1,0,0,0,0,1,0,0,1,1,0,0,0
T285,0,0,0,0,0,0,1,0,0,0,1,0,0,0,1,0,0,0,0,0,0,0,2,0,0,2,0,0,0,0,0,0,0,1,1,0,0,2,0,0,1,0,0,0,0,0,1,0,0,0,0,1,0,0,0,0,1,0,0,1,1,0,0,0
T286,0,0,0,0,0,0,1,0,0,0,1,0,0,0,1,0,0,0,0,0,0,0,2,0,1,2,0,0,0,0,0,0,0,1,1,0,0,2,0,0,1,0,0,0,0,0,1,0,0,0,0,1,0,0,0,0,1,0,0,1,0,0,0,0
T287,0,0,0,0,0,0,1,0,0,0,1,0,0,0,1,0,0,0,0,0,0,0,2,0,1,2,0,0,0,0,0,0,1,1,1,0,0,2,0,0,1,0,0,0,0,0,1,0,0,0,0,0,0,0,0,0,1,0,0,1,0,0,0,0
T288,0,0,0,1,0,0,1,0,0,0,1,0,0,0,0,0,0,0,0,0,0,0,2,0,1,2,0,0,0,0,0,0,1,1,1,0,0,2,0,0,1,0,0,0,0,0,1,0,0,0,0,0,0,0,0,0,1,0,0,1,0,0,0,0
T289,0,0,0,1,0,0,1,0,0,0,1,0,0,0,0,1,0,0,0,0,0,0,2,0,1,2,0,0,0,0,0,0,1,1,1,0,0,2,0,0,1,0,0,0,0,0,1,0,0,0,0,0,0,0,0,0,1,0,0,0,0,0,0,0
T290,0,0,0,1,0,0,1,0,0,0,1,0,0,0,0,1,0,0,0,0,0,0,2,0,1,2,0,0,0,0,0,0,1,1,1,0,0,2,0,0,1,0,0,0,0,0,0,0,0,0,0,0,0,0,0,0,1,0,0,0,1,0,0,0
T291,0,0,0,1,0,0,1,0,0,0,1,0,0,0,0,1,0,0,0,0,0,0,2,0,1,2,0,0,0,0,0,0,1,1,1,0,0,2,0,0,1,0,0,0,0,0,0,0,0,0,1,0,0,0,0,0,0,0,0,0,1,0,0,0
T292,0,0,0,1,0,0,1,0,0,0,1,1,0,0,0,1,0,0,0,0,0,0,2,0,1,2,0,0,0,0,0,0,1,1,0,0,0,2,0,0,1,0,0,0,0,0,0,0,0,0,1,0,0,0,0,0,0,0,0,0,1,0,0,0
T293,0,0,0,1,0,0,1,0,0,0,0,1,0,0,0,1,0,0,0,0,0,0,2,0,1,2,0,0,0,0,0,0,1,1,0,0,0,2,0,0,1,0,0,0,1,0,0,0,0,0,1,0,0,0,0,0,0,0,0,0,1,0,0,0
T294,0,0,0,1,0,0,1,0,0,0,0,1,0,0,0,1,0,0,0,0,0,0,2,0,1,2,0,0,0,0,0,0,1,1,0,0,0,2,0,0,0,0,0,0,1,0,0,0,0,0,2,0,0,0,0,0,0,0,0,0,1,0,0,0
T295,0,0,0,1,0,0,1,0,0,0,0,2,0,0,0,1,0,0,0,0,0,0,2,0,1,2,0,0,0,0,0,0,1,0,0,0,0,2,0,0,0,0,0,0,1,0,0,0,0,0,2,0,0,0,0,0,0,0,0,0,1,0,0,0
T296,0,0,0,1,0,0,0,0,0,0,0,2,0,0,0,1,0,0,0,0,0,0,2,0,1,2,0,0,0,0,0,0,1,0,0,0,0,2,0,0,0,0,0,0,1,0,0,1,0,0,2,0,0,0,0,0,0,0,0,0,1,0,0,0
T297,0,0,0,1,0,0,0,0,0,0,0,2,0,0,0,1,0,0,0,0,0,0,2,0,1,1,0,0,0,0,0,0,1,0,0,0,0,2,0,0,0,0,0,0,1,0,0,1,0,0,2,0,0,0,0,0,0,0,0,0,1,0,1,0
T298,0,0,0,1,0,0,0,0,0,0,0,2,0,0,0,1,0,0,0,0,0,0,2,0,1,1,0,0,0,0,0,0,1,0,0,0,0,1,0,0,0,0,0,0,1,0,0,1,0,0,2,0,0,0,0,0,1,0,0,0,1,0,1,0
T299,0,0,0,1,0,0,0,0,0,0,0,2,0,0,0,1,0,0,0,0,0,0,1,0,1,1,0,0,0,0,0,0,2,0,0,0,0,1,0,0,0,0,0,0,1,0,0,1,0,0,2,0,0,0,0,0,1,0,0,0,1,0,1,0
T300,0,0,1,1,0,0,0,0,0,0,0,2,0,0,0,1,0,0,0,0,0,0,1,0,1,0,0,0,0,0,0,0,2,0,0,0,0,1,0,0,0,0,0,0,1,0,0,1,0,0,2,0,0,0,0,0,1,0,0,0,1,0,1,0
T301,0,0,1,1,0,0,0,0,0,1,0,2,0,0,0,1,0,0,0,0,0,0,1,0,1,0,0,0,0,0,0,0,2,0,0,0,0,0,0,0,0,0,0,0,1,0,0,1,0,0,2,0,0,0,0,0,1,0,0,0,1,0,1,0
T302,0,0,1,1,0,0,0,0,0,1,0,2,0,0,0,1,0,0,0,0,0,0,0,0,1,0,0,0,0,0,0,0,2,0,0,0,1,0,0,0,0,0,0,0,1,0,0,1,0,0,2,0,0,0,0,0,1,0,0,0,1,0,1,0
T303,0,0,1,1,0,0,0,0,0,1,0,2,0,0,0,1,0,0,1,0,0,0,0,0,0,0,0,0,0,0,0,0,2,0,0,0,1,0,0,0,0,0,0,0,1,0,0,1,0,0,2,0,0,0,0,0,1,0,0,0,1,0,1,0
T304,0,0,1,1,0,0,0,0,1,1,0,2,0,0,0,1,0,0,1,0,0,0,0,0,0,0,0,0,0,0,0,0,1,0,0,0,1,0,0,0,0,0,0,0,1,0,0,1,0,0,2,0,0,0,0,0,1,0,0,0,1,0,1,0
T305,0,0,1,0,0,0,0,0,1,1,0,2,0,0,0,1,0,0,1,0,0,0,0,0,0,0,0,0,0,0,0,0,2,0,0,0,1,0,0,0,0,0,0,0,1,0,0,1,0,0,2,0,0,0,0,0,1,0,0,0,1,0,1,0
T306,0,0,1,1,0,0,0,0,1,1,0,2,0,0,0,0,0,0,1,0,0,0,0,0,0,0,0,0,0,0,0,0,2,0,0,0,1,0,0,0,0,0,0,0,1,0,0,1,0,0,2,0,0,0,0,0,1,0,0,0,1,0,1,0
T307,0,0,1,1,0,0,0,0,1,1,0,2,1,0,0,0,0,0,1,0,0,0,0,0,0,0,0,0,0,0,0,0,2,0,0,0,1,0,0,0,0,0,0,0,1,0,0,1,0,0,2,0,0,0,0,0,1,0,0,0,0,0,1,0
T308,0,0,1,1,0,0,0,0,1,1,0,2,1,0,0,0,0,0,1,0,0,0,0,0,0,0,0,0,0,0,0,0,2,0,0,0,1,0,0,0,0,0,0,0,1,0,0,1,0,0,2,0,0,0,0,0,1,0,0,0,0,0,1,0
T309,0,0,1,1,0,0,0,0,1,1,1,1,1,0,0,0,0,0,1,0,0,0,0,0,0,0,0,0,0,0,0,0,2,0,0,0,1,0,0,0,0,0,0,0,1,0,0,1,0,0,2,0,0,0,0,0,1,0,0,0,0,0,1,0
T310,0,0,1,1,0,0,0,0,1,1,1,1,1,0,0,0,0,0,1,0,0,0,0,0,0,0,0,0,0,0,0,0,2,0,0,0,1,0,0,0,0,0,1,0,0,0,0,1,0,0,2,0,0,0,0,0,1,0,0,0,0,0,1,0
T311,0,0,1,1,0,0,0,0,1,1,1,1,1,0,0,0,0,0,1,0,0,0,0,0,0,0,0,0,0,0,0,0,2,0,0,0,1,0,0,0,0,0,1,1,0,0,0,1,0,0,1,0,0,0,0,0,1,0,0,0,0,0,1,0
T312,0,0,1,1,0,0,0,0,1,1,1,0,1,0,0,0,0,0,1,0,0,0,0,0,0,0,0,0,0,0,0,0,2,0,0,0,1,0,0,0,0,0,1,1,0,0,1,1,0,0,1,0,0,0,0,0,1,0,0,0,0,0,1,0
T313,0,0,1,1,0,0,0,0,1,1,1,0,1,0,0,0,0,0,1,0,0,0,0,0,0,0,0,0,0,0,0,0,2,0,0,0,1,0,0,0,0,0,1,1,0,0,1,0,0,0,1,0,0,0,0,0,1,0,0,1,0,0,1,0
T314,0,0,1,1,0,0,0,0,1,1,1,0,1,0,0,0,0,0,1,0,0,0,0,0,0,0,0,0,0,0,0,0,2,0,0,0,1,0,0,0,0,0,1,1,0,0,2,0,0,0,1,0,0,0,0,0,1,0,0,1,0,0,0,0
T315,0,0,1,1,0,0,0,0,1,1,1,0,1,0,0,0,0,0,1,0,0,0,0,0,0,0,0,0,0,0,0,0,2,0,0,0,1,0,0,0,0,0,1,1,0,0,2,0,0,0,1,0,0,0,0,0,0,0,1,1,0,0,0,0
T316,0,0,1,1,0,0,0,0,1,1,1,0,1,0,0,0,0,0,1,0,0,0,0,0,0,0,0,0,0,0,0,0,1,0,0,0,1,0,0,0,0,0,1,2,0,0,2,0,0,0,1,0,0,0,0,0,0,0,1,1,0,0,0,0
T317,0,0,0,1,0,0,0,0,1,1,1,0,1,0,0,0,0,0,1,0,0,0,0,0,0,0,0,0,0,0,0,0,1,0,0,0,1,0,0,0,0,0,1,2,1,0,2,0,0,0,1,0,0,0,0,0,0,0,1,1,0,0,0,0
T318,0,0,0,1,0,0,0,0,1,0,1,0,1,0,0,0,0,0,1,0,0,0,0,0,0,0,0,0,0,0,0,0,1,0,0,0,1,0,0,0,0,0,1,2,1,0,2,0,0,0,1,1,0,0,0,0,0,0,1,1,0,0,0,0
T319,0,0,0,1,0,0,0,0,1,0,1,0,1,0,0,1,0,0,1,0,0,0,0,0,0,0,0,0,0,0,0,0,1,0,0,0,0,0,0,0,0,0,1,2,1,0,2,0,0,0,1,1,0,0,0,0,0,0,1,1,0,0,0,0
T320,0,0,0,1,0,0,0,0,1,0,1,0,1,0,0,1,0,0,0,0,0,0,0,0,0,0,0,0,0,0,0,0,1,0,0,0,0,0,0,0,0,0,1,2,1,0,2,0,0,0,1,1,0,0,0,0,0,0,1,1,0,1,0,0
T321,0,0,0,1,0,0,0,0,0,0,1,0,1,0,0,1,0,0,0,0,0,0,0,0,0,0,0,0,0,0,0,0,1,0,0,0,0,0,0,0,0,0,1,2,1,0,2,0,0,0,1,1,0,0,0,1,0,0,1,1,0,1,0,0
T322,0,0,0,1,0,0,0,0,0,0,1,0,1,0,0,1,0,0,0,0,0,0,0,0,0,0,0,0,1,0,0,0,0,0,0,0,0,0,0,0,0,0,1,2,1,0,2,0,0,0,1,1,0,0,0,1,0,0,1,1,0,1,0,0
T323,0,0,0,0,0,0,0,0,0,0,1,0,1,0,0,1,0,0,0,0,0,0,0,0,0,0,0,0,1,0,0,0,0,0,0,0,0,0,0,0,0,0,1,2,1,0,2,0,1,0,1,1,0,0,0,1,0,0,1,1,0,1,0,0
T324,0,0,0,1,0,0,0,0,0,0,1,0,0,0,0,1,0,0,0,0,0,0,0,0,0,0,0,0,1,0,0,0,0,0,0,0,0,0,0,0,0,0,1,2,1,0,2,0,1,0,1,1,0,0,0,1,0,0,1,1,0,1,0,0
T325,0,0,0,1,0,0,0,0,0,0,1,0,0,1,0,1,0,0,0,0,0,0,0,0,0,0,0,0,1,0,0,0,0,0,0,0,0,0,0,0,0,0,1,2,1,0,2,0,1,0,0,1,0,0,0,1,0,0,1,1,0,1,0,0
T326,0,0,0,1,0,0,0,0,0,0,0,0,0,1,0,1,0,0,0,0,0,0,0,0,0,0,0,0,1,0,0,0,0,0,0,0,0,0,0,0,0,0,1,2,1,0,2,0,1,0,0,1,0,1,0,1,0,0,1,1,0,1,0,0
T327,0,0,0,1,0,0,0,0,0,0,0,0,0,1,0,1,0,0,0,0,0,0,1,0,0,0,0,0,1,0,0,0,0,0,0,0,0,0,0,0,0,0,0,2,1,0,2,0,1,0,0,1,0,1,0,1,0,0,1,1,0,1,0,0
T328,0,0,0,1,0,0,0,0,0,0,0,0,0,1,0,1,0,0,0,0,0,0,1,0,0,0,0,1,1,0,0,0,0,0,0,0,0,0,0,0,0,0,0,1,1,0,2,0,1,0,0,1,0,1,0,1,0,0,1,1,0,1,0,0
T329,0,0,0,1,0,0,0,0,0,0,0,0,0,1,0,1,0,0,0,0,0,0,1,0,0,0,0,1,1,0,0,0,0,0,0,0,0,0,0,0,0,0,0,1,2,0,1,0,1,0,0,1,0,1,0,1,0,0,1,1,0,1,0,0
T330,0,0,0,1,0,0,0,0,0,0,0,0,0,1,0,1,0,0,0,0,0,0,1,0,0,0,0,1,1,0,0,0,0,0,0,0,0,0,0,0,0,0,0,1,2,0,1,0,1,0,0,2,0,1,0,1,0,0,1,0,0,1,0,0
T331,0,0,0,1,0,0,0,0,0,0,0,0,0,1,0,2,0,0,0,0,0,0,1,0,0,0,0,1,1,0,0,0,0,0,0,0,0,0,0,0,0,0,0,1,2,0,0,0,1,0,0,2,0,1,0,1,0,0,1,0,0,1,0,0
T332,0,0,0,1,0,0,0,0,0,0,0,0,0,1,0,2,0,0,0,0,0,0,1,0,0,0,0,1,1,0,0,0,0,0,0,0,0,0,0,0,0,0,0,1,2,0,0,0,1,0,0,2,0,1,0,1,0,0,0,0,0,1,0,1
T333,0,0,0,1,0,0,0,0,0,0,0,0,0,1,0,2,0,0,0,0,0,0,1,0,0,0,0,1,1,0,0,0,0,0,0,0,0,0,0,0,0,0,0,0,2,0,0,0,1,0,0,2,0,1,0,1,0,0,0,0,0,1,1,1
T334,0,0,0,1,0,0,0,0,0,0,0,0,0,1,0,2,0,0,0,0,0,0,1,0,0,0,0,1,1,0,0,0,0,0,0,0,0,0,0,0,0,0,0,0,1,0,0,0,1,0,0,2,0,1,0,1,0,0,0,1,0,1,1,1
T335,0,0,0,1,0,0,0,0,0,0,0,0,0,1,0,2,0,0,0,0,0,0,1,0,0,0,0,1,1,0,0,0,0,0,0,0,0,0,0,0,0,0,0,0,2,0,0,0,1,0,0,1,0,1,0,1,0,0,0,1,0,1,1,1
T336,0,0,0,1,0,0,0,0,0,0,0,0,0,1,0,1,0,0,0,0,0,0,1,0,0,0,0,1,1,0,0,0,0,0,0,0,0,0,0,0,0,0,0,0,2,0,0,0,1,0,1,1,0,1,0,1,0,0,0,1,0,1,1,1
T337,0,0,0,1,0,0,0,0,1,0,0,0,0,1,0,1,0,0,0,0,0,0,1,0,0,0,0,1,1,0,0,0,0,0,0,0,0,0,0,0,0,0,0,0,2,0,0,0,1,0,1,1,0,1,0,1,0,0,0,1,0,0,1,1
T338,0,0,0,1,0,0,0,0,1,0,0,0,0,1,0,1,0,0,0,0,0,0,1,0,0,0,0,1,1,0,0,0,0,0,1,0,0,0,0,0,0,0,0,0,2,0,0,0,1,0,1,1,0,1,0,0,0,0,0,1,0,0,1,1
T339,0,0,0,1,0,0,0,0,1,0,1,0,0,1,0,1,0,0,0,0,0,0,1,0,0,0,0,1,0,0,0,0,0,0,1,0,0,0,0,0,0,0,0,0,2,0,0,0,1,0,1,1,0,1,0,0,0,0,0,1,0,0,1,1
T340,0,0,0,1,0,0,0,0,1,0,1,0,0,1,0,1,0,0,0,0,0,0,1,0,0,0,0,1,0,0,0,0,0,0,1,0,0,0,0,0,0,0,1,0,2,0,0,0,0,0,1,1,0,1,0,0,0,0,0,1,0,0,1,1
T341,0,0,0,0,0,0,0,0,1,0,1,0,0,1,0,1,0,0,0,0,0,0,1,0,0,0,0,1,0,0,0,0,0,0,1,0,0,0,0,0,0,1,1,0,2,0,0,0,0,0,1,1,0,1,0,0,0,0,0,1,0,0,1,1
T342,0,0,0,0,0,0,0,0,1,0,1,0,0,0,0,1,0,0,0,0,0,0,1,0,0,0,0,1,0,0,0,0,0,0,1,0,0,0,0,1,0,1,1,0,2,0,0,0,0,0,1,1,0,1,0,0,0,0,0,1,0,0,1,1
T343,0,0,0,0,0,0,0,0,1,0,1,0,0,0,0,1,0,0,0,0,0,0,1,0,0,0,0,1,0,0,0,1,0,0,1,0,0,0,0,1,0,1,1,0,2,0,0,0,0,0,1,1,0,0,0,0,0,0,0,1,0,0,1,1
T344,0,0,0,0,0,0,0,0,1,0,1,0,0,0,0,1,0,0,0,0,0,0,0,0,0,0,0,1,0,0,0,1,0,0,1,0,0,0,0,1,0,1,1,0,2,0,0,0,0,0,1,1,0,0,0,0,0,0,0,1,0,1,1,1
T345,0,0,0,0,0,0,0,0,1,0,1,0,0,0,0,1,0,0,0,0,0,0,0,0,0,0,0,0,0,0,0,1,0,0,1,0,0,0,0,1,0,1,1,0,2,0,0,0,0,0,1,1,0,0,0,1,0,0,0,1,0,1,1,1
T346,0,0,0,0,0,0,0,0,1,0,1,0,0,0,0,1,0,0,0,0,0,0,0,0,0,0,0,0,1,0,0,1,0,0,1,0,0,0,0,1,0,1,1,0,1,0,0,0,0,0,1,1,0,0,0,1,0,0,0,1,0,1,1,1
T347,0,0,0,0,0,0,0,0,1,0,1,0,0,0,0,1,0,0,0,0,0,0,0,0,0,0,0,0,1,0,0,1,0,0,1,0,0,0,0,1,0,1,1,0,1,0,0,0,1,0,1,0,0,0,0,1,0,0,0,1,0,1,1,1
T348,0,0,1,0,0,0,0,0,1,0,1,0,0,0,0,0,0,0,0,0,0,0,0,0,0,0,0,0,1,0,0,1,0,0,1,0,0,0,0,1,0,1,1,0,1,0,0,0,1,0,1,0,0,0,0,1,0,0,0,1,0,1,1,1
T349,0,0,1,0,0,0,0,0,1,0,2,0,0,0,0,0,0,0,0,0,0,0,0,0,0,0,0,0,1,0,0,1,0,0,1,0,0,0,0,1,0,1,1,0,1,0,0,0,1,0,1,0,0,0,0,1,0,0,0,1,0,1,1,0
T350,0,0,1,0,0,0,0,0,1,0,2,0,0,0,0,0,0,0,0,0,0,0,0,0,0,0,0,0,1,0,0,1,0,0,1,0,0,0,0,1,0,1,1,1,1,0,0,0,1,0,1,0,0,0,0,1,0,0,0,1,0,1,0,0
T351,0,0,1,0,0,0,0,0,1,0,2,0,0,0,0,0,0,0,0,0,0,0,0,0,0,0,0,0,1,0,0,1,0,0,1,0,0,0,0,1,0,1,1,1,1,0,1,0,1,0,1,0,0,0,0,1,0,0,0,0,0,1,0,0
T352,0,0,1,0,0,0,0,0,1,0,2,0,0,0,0,0,0,0,0,0,0,0,0,0,0,0,0,0,1,0,0,1,0,0,1,0,0,0,0,1,0,1,1,1,0,0,1,0,1,0,1,0,0,0,0,1,1,0,0,0,0,1,0,0
T353,0,0,1,0,0,0,0,0,1,0,2,0,0,0,0,0,0,0,0,0,0,0,0,0,0,0,0,0,1,0,0,1,0,1,1,0,0,0,0,1,0,1,1,1,0,0,1,0,1,0,0,0,0,0,0,1,1,0,0,0,0,1,0,0
T354,0,0,1,0,0,0,1,0,0,0,2,0,0,0,0,0,0,0,0,0,0,0,0,0,0,0,0,0,1,0,0,1,0,1,1,0,0,0,0,1,0,1,1,1,0,0,1,0,1,0,0,0,0,0,0,1,1,0,0,0,0,1,0,0
T355,0,0,1,0,0,0,1,0,0,0,2,0,0,0,0,0,0,0,0,0,0,0,0,0,0,0,0,1,1,0,0,1,0,1,0,0,0,0,0,1,0,1,1,1,0,0,1,0,1,0,0,0,0,0,0,1,1,0,0,0,0,1,0,0
T356,0,0,1,0,0,0,1,0,0,0,1,0,0,0,0,0,0,0,0,0,0,0,0,0,0,0,0,1,1,0,0,1,0,1,0,0,0,0,0,1,0,1,1,1,1,0,1,0,1,0,0,0,0,0,0,1,1,0,0,0,0,1,0,0
T357,0,0,1,0,0,0,1,0,0,0,1,0,0,0,0,0,0,0,0,0,0,0,0,0,0,0,0,1,1,0,0,1,0,1,0,0,0,0,0,1,0,1,0,1,1,0,1,0,1,0,0,1,0,0,0,1,1,0,0,0,0,1,0,0
T358,0,0,1,0,0,0,1,0,0,0,1,0,0,0,1,0,0,0,0,0,0,0,0,0,0,0,0,1,1,0,0,1,0,1,0,0,0,0,0,1,0,0,0,1,1,0,1,0,1,0,0,1,0,0,0,1,1,0,0,0,0,1,0,0
T359,0,0,1,0,0,0,1,0,0,0,1,0,0,0,1,0,0,0,0,0,0,0,0,0,0,0,0,1,1,0,0,1,0,1,0,0,0,0,0,0,0,0,0,1,1,0,1,0,1,0,0,1,0,0,0,1,1,1,0,0,0,1,0,0
T360,0,0,1,0,0,0,1,0,0,0,1,0,0,0,1,0,0,0,0,0,0,0,0,0,0,0,0,1,1,0,0,0,0,1,0,0,0,0,0,1,0,0,0,1,1,0,1,0,1,0,0,1,0,0,0,1,1,1,0,0,0,1,0,0
T361,0,0,1,0,0,0,1,0,0,0,1,0,0,0,1,0,0,0,0,0,0,0,0,0,0,0,0,1,2,0,0,0,0,1,0,0,0,0,0,1,0,0,0,1,1,0,1,0,1,0,0,1,0,0,0,1,1,1,0,0,0,0,0,0
T362,0,0,1,0,0,0,1,0,0,0,1,0,0,0,1,0,0,0,0,0,0,0,0,0,0,0,0,1,2,0,0,0,0,1,0,0,0,0,0,1,0,0,0,1,1,0,1,0,2,0,0,1,0,0,0,0,1,1,0,0,0,0,0,0
T363,0,0,1,1,0,0,1,0,0,0,1,0,0,0,1,0,0,0,0,0,0,0,0,0,0,0,0,1,1,0,0,0,0,1,0,0,0,0,0,1,0,0,0,1,1,0,1,0,2,0,0,1,0,0,0,0,1,1,0,0,0,0,0,0
T364,0,0,1,1,0,0,1,0,0,0,1,0,0,0,1,1,0,0,0,0,0,0,0,0,0,0,0,1,1,0,0,0,0,1,0,0,0,0,0,1,0,0,0,1,1,0,1,0,1,0,0,1,0,0,0,0,1,1,0,0,0,0,0,0
T365,0,0,0,1,0,0,1,0,0,0,1,0,0,0,1,1,0,0,0,0,0,0,0,0,0,0,0,1,1,0,0,0,0,1,0,0,0,0,0,1,0,0,0,1,1,0,1,0,1,0,0,1,0,0,0,0,1,1,0,0,0,0,0,1
T366,0,0,0,1,0,0,1,0,0,0,0,0,0,0,1,1,0,0,0,0,0,0,0,0,0,0,0,1,1,0,0,0,0,1,0,0,0,0,0,1,0,0,0,1,1,0,1,0,1,0,0,1,0,0,0,0,1,1,0,0,0,0,1,1
T367,0,0,0,1,0,0,1,0,0,0,0,0,0,0,1,1,0,0,0,0,0,0,0,0,0,0,0,1,1,0,0,0,0,1,0,0,0,0,0,1,0,0,0,0,1,0,1,0,1,0,0,1,0,0,0,0,2,1,0,0,0,0,1,1
T368,0,0,0,1,0,0,1,0,0,0,0,0,0,0,1,1,0,0,0,0,0,0,0,0,0,0,0,1,1,0,0,0,0,2,0,0,0,0,0,1,0,0,0,0,1,0,0,0,1,0,0,1,0,0,0,0,2,1,0,0,0,0,1,1
T369,0,0,0,1,0,0,2,0,0,0,0,0,0,0,1,1,0,0,0,0,0,0,0,0,0,0,0,1,1,0,0,0,0,2,0,0,0,0,0,1,0,0,0,0,1,0,0,0,1,0,0,1,0,0,0,0,1,1,0,0,0,0,1,1
T370,0,0,0,1,0,0,2,0,0,0,0,0,0,0,1,1,0,0,0,0,0,0,0,0,0,0,0,2,1,0,0,0,0,1,0,0,0,0,0,1,0,0,0,0,1,0,0,0,1,0,0,1,0,0,0,0,1,1,0,0,0,0,1,1
T371,0,0,0,1,0,0,1,0,0,0,0,0,0,0,1,1,0,0,0,0,0,0,0,0,0,0,0,2,1,0,0,0,0,1,0,0,0,0,0,1,0,0,0,0,2,0,0,0,1,0,0,1,0,0,0,0,1,1,0,0,0,0,1,1
T372,0,0,0,1,0,0,1,0,0,0,0,0,0,0,1,1,0,0,0,0,0,0,0,0,0,0,0,1,1,0,0,0,0,1,0,0,0,0,0,1,0,0,0,0,2,0,0,0,1,0,1,1,0,0,0,0,1,1,0,0,0,0,1,1
T373,0,0,0,1,0,0,1,0,0,1,0,0,0,0,1,1,0,0,0,0,0,0,0,0,0,0,0,1,1,0,0,0,0,1,0,0,0,0,0,1,0,0,0,0,1,0,0,0,1,0,1,1,0,0,0,0,1,1,0,0,0,0,1,1
T374,0,0,0,1,0,0,1,0,0,1,0,0,0,0,1,1,0,0,0,0,0,0,0,0,0,0,0,1,1,0,0,0,0,1,0,0,0,1,0,1,0,0,0,0,1,0,0,0,1,0,1,0,0,0,0,0,1,1,0,0,0,0,1,1
T375,0,0,0,1,0,0,1,0,0,1,0,0,0,0,0,1,0,0,0,0,0,0,1,0,0,0,0,1,1,0,0,0,0,1,0,0,0,1,0,1,0,0,0,0,1,0,0,0,1,0,1,0,0,0,0,0,1,1,0,0,0,0,1,1
T376,0,0,0,1,0,0,1,0,0,1,0,0,0,0,0,1,0,0,0,0,0,0,1,0,1,0,0,1,1,0,0,0,0,1,0,0,0,1,0,1,0,0,0,0,1,0,0,0,1,0,1,0,0,0,0,0,1,0,0,0,0,0,1,1
T377,0,0,0,1,0,0,1,0,0,1,0,0,0,0,0,1,0,0,0,0,0,0,1,0,1,0,0,1,1,0,0,0,1,1,0,0,0,1,0,0,0,0,0,0,1,0,0,0,1,0,1,0,0,0,0,0,1,0,0,0,0,0,1,1
T378,0,0,0,2,0,0,1,0,0,1,0,0,0,0,0,1,0,0,0,0,0,0,1,0,1,0,0,1,0,0,0,0,1,1,0,0,0,1,0,0,0,0,0,0,1,0,0,0,1,0,1,0,0,0,0,0,1,0,0,0,0,0,1,1
T379,0,0,0,2,0,0,1,0,0,1,0,0,0,0,0,2,0,0,0,0,0,0,1,0,1,0,0,1,0,0,0,0,1,1,0,0,0,1,0,0,0,0,0,0,1,0,0,0,0,0,1,0,0,0,0,0,1,0,0,0,0,0,1,1
T380,0,0,0,1,0,0,1,0,0,1,0,0,0,0,0,2,0,0,0,0,0,0,1,0,1,0,0,1,0,0,0,0,1,1,0,0,0,1,0,0,0,0,0,0,1,0,0,0,0,0,1,0,0,0,0,0,1,0,0,0,1,0,1,1
T381,0,0,0,1,0,0,1,0,0,1,0,0,0,0,0,1,0,0,0,0,0,0,1,0,1,0,0,1,0,0,0,0,1,1,0,0,0,1,0,0,0,0,0,0,1,0,0,0,0,0,1,1,0,0,0,0,1,0,0,0,1,0,1,1
T382,0,0,0,1,0,0,1,0,0,1,0,0,0,0,0,2,0,0,0,0,0,0,1,0,1,0,0,1,0,0,0,0,1,1,0,0,0,1,0,0,0,0,0,0,1,0,0,0,0,0,1,1,0,0,0,0,1,0,0,0,1,0,1,0
T383,0,0,0,1,0,0,1,0,0,1,0,0,0,0,0,2,0,0,0,0,0,0,1,0,1,0,0,1,0,0,0,0,1,1,0,0,0,1,0,0,0,0,0,0,1,0,0,0,0,0,1,1,0,0,0,0,1,0,0,0,2,0,0,0
T384,0,0,0,1,0,0,1,0,0,1,0,0,0,0,0,2,0,0,0,0,0,0,1,0,1,0,0,1,0,0,0,0,1,1,0,0,0,1,0,0,0,0,0,0,1,0,0,0,0,0,2,1,0,0,0,0,0,0,0,0,2,0,0,0
T385,0,0,0,1,0,0,1,0,0,1,0,1,0,0,0,2,0,0,0,0,0,0,1,0,1,0,0,1,0,0,0,0,1,0,0,0,0,1,0,0,0,0,0,0,1,0,0,0,0,0,2,1,0,0,0,0,0,0,0,0,2,0,0,0
T386,0,0,0,1,0,0,0,0,0,1,0,1,0,0,0,2,0,0,0,0,0,0,1,0,1,0,0,1,0,0,0,0,1,0,0,0,0,1,0,0,0,0,0,0,1,0,0,1,0,0,2,1,0,0,0,0,0,0,0,0,2,0,0,0
T387,0,0,0,1,0,0,0,0,0,1,0,1,0,0,0,2,0,0,0,0,0,0,1,0,1,0,0,0,0,0,0,0,1,0,0,0,0,1,0,0,0,0,0,0,1,0,0,1,0,0,2,1,0,0,0,0,0,0,0,0,2,0,1,0
T388,0,0,0,1,0,0,0,0,0,1,0,1,0,0,0,2,0,0,0,0,0,0,1,0,1,0,0,0,0,0,0,0,1,0,0,0,0,1,0,0,0,0,0,0,0,0,0,1,0,0,2,1,0,0,0,0,1,0,0,0,2,0,1,0
T389,0,0,0,1,0,0,0,0,0,1,0,1,0,0,0,2,0,0,0,0,0,0,1,0,1,0,0,0,0,0,0,0,2,0,0,0,0,1,0,0,0,0,0,0,0,0,0,1,0,0,1,1,0,0,0,0,1,0,0,0,2,0,1,0
T390,0,0,1,1,0,0,0,0,0,0,0,1,0,0,0,2,0,0,0,0,0,0,1,0,1,0,0,0,0,0,0,0,2,0,0,0,0,1,0,0,0,0,0,0,0,0,0,1,0,0,1,1,0,0,0,0,1,0,0,0,2,0,1,0
T391,0,0,1,1,0,0,0,0,1,0,0,1,0,0,0,2,0,0,0,0,0,0,1,0,1,0,0,0,0,0,0,0,2,0,0,0,0,0,0,0,0,0,0,0,0,0,0,1,0,0,1,1,0,0,0,0,1,0,0,0,2,0,1,0
T392,0,0,1,1,0,0,0,0,1,0,0,1,0,0,0,2,0,0,0,0,0,0,0,0,1,0,0,0,0,0,0,0,2,1,0,0,0,0,0,0,0,0,0,0,0,0,0,1,0,0,1,1,0,0,0,0,1,0,0,0,2,0,1,0
T393,0,0,1,1,0,0,1,0,1,0,0,1,0,0,0,2,0,0,0,0,0,0,0,0,0,0,0,0,0,0,0,0,2,1,0,0,0,0,0,0,0,0,0,0,0,0,0,1,0,0,1,1,0,0,0,0,1,0,0,0,2,0,1,0
T394,0,0,1,1,0,0,1,0,1,0,0,1,0,0,0,2,0,0,0,0,0,0,0,0,0,0,1,0,0,0,0,0,1,1,0,0,0,0,0,0,0,0,0,0,0,0,0,1,0,0,1,1,0,0,0,0,1,0,0,0,2,0,1,0
T395,0,0,1,0,0,0,1,0,1,0,0,1,0,0,0,2,0,0,0,0,0,0,0,0,0,0,1,0,0,0,0,0,1,1,0,0,0,0,0,0,0,1,0,0,0,0,0,1,0,0,1,1,0,0,0,0,1,0,0,0,2,0,1,0
T396,0,0,1,0,0,0,1,0,1,0,0,1,0,0,0,1,0,0,0,0,0,0,0,0,0,0,1,0,0,0,0,0,1,1,0,0,0,0,0,1,0,1,0,0,0,0,0,1,0,0,1,1,0,0,0,0,1,0,0,0,2,0,1,0
T397,0,0,1,0,0,0,1,0,1,0,0,1,0,0,0,1,0,0,0,0,0,0,0,0,0,0,1,0,0,0,0,1,1,1,0,0,0,0,0,1,0,1,0,0,0,0,0,1,0,0,1,1,0,0,0,0,1,0,0,0,1,0,1,0
T398,0,0,1,0,0,0,1,0,1,0,0,1,0,0,0,1,0,0,0,0,0,0,0,0,0,0,1,0,0,0,0,1,1,1,0,0,0,0,0,1,0,1,0,0,0,0,0,1,0,0,1,0,0,0,0,0,1,0,0,0,1,0,1,1
T399,0,0,1,0,0,0,1,0,1,0,0,1,0,0,0,0,0,0,0,0,0,0,0,0,0,0,1,0,0,0,0,1,1,1,0,0,0,0,0,1,0,1,0,0,0,0,0,1,0,0,1,0,0,0,0,0,1,0,0,0,1,0,1,2
T400,0,0,1,0,0,0,1,0,1,0,0,1,0,0,0,0,0,0,0,0,0,0,0,0,0,0,1,0,0,0,0,1,1,1,0,0,0,0,0,1,0,1,0,0,0,0,0,1,0,0,1,0,0,0,0,0,1,0,0,0,0,0,2,2
T401,0,0,1,0,0,0,1,0,1,0,0,1,0,0,0,0,0,0,0,0,0,0,0,0,0,0,1,0,0,0,0,1,1,1,0,0,0,0,0,1,0,1,0,0,0,0,0,1,0,0,0,0,0,0,0,0,2,0,0,0,0,0,2,2
T402,0,0,1,0,0,0,1,0,1,0,0,0,0,0,0,0,0,0,0,0,0,0,0,0,0,0,1,0,0,0,0,1,1,1,1,0,0,0,0,1,0,1,0,0,0,0,0,1,0,0,0,0,0,0,0,0,2,0,0,0,0,0,2,2
T403,0,0,1,0,0,0,1,0,2,0,0,0,0,0,0,0,0,0,0,0,0,0,0,0,0,0,1,0,0,0,0,1,1,1,1,0,0,0,0,1,0,1,0,0,0,0,0,0,0,0,0,0,0,0,0,0,2,0,0,0,0,0,2,2
T404,0,0,1,0,0,0,1,0,2,0,0,0,0,0,0,0,0,0,0,0,0,0,0,0,0,0,1,0,0,0,0,1,2,1,1,0,0,0,0,1,0,1,0,0,0,0,0,0,0,0,0,0,0,0,0,0,2,0,0,0,0,0,1,2
T405,0,0,1,1,0,0,1,0,2,0,0,0,0,0,0,0,0,0,0,0,0,0,0,0,0,0,1,0,0,0,0,1,2,1,1,0,0,0,0,1,0,1,0,0,0,0,0,0,0,0,0,0,0,0,0,0,1,0,0,0,0,0,1,2
T406,0,0,1,1,0,0,1,0,2,0,0,0,0,0,1,0,0,0,0,0,0,0,0,0,0,0,1,0,0,0,0,1,1,1,1,0,0,0,0,1,0,1,0,0,0,0,0,0,0,0,0,0,0,0,0,0,1,0,0,0,0,0,1,2
T407,0,0,0,1,0,0,1,0,2,0,0,0,0,0,1,0,0,0,0,0,0,0,0,0,0,0,1,0,0,0,0,1,1,1,1,0,0,0,0,1,0,1,0,0,0,0,0,0,0,0,0,0,0,0,0,0,1,1,0,0,0,0,1,2
T408,0,0,0,1,0,0,1,0,1,0,0,0,0,0,1,0,0,0,0,0,0,0,0,0,0,0,1,0,0,0,0,1,1,1,1,0,0,0,0,2,0,1,0,0,0,0,0,0,0,0,0,0,0,0,0,0,1,1,0,0,0,0,1,2
T409,0,0,0,1,0,0,1,0,1,0,0,0,0,0,1,0,0,0,0,0,0,0,0,0,0,0,1,0,0,0,0,2,1,0,1,0,0,0,0,2,0,1,0,0,0,0,0,0,0,0,0,0,0,0,0,0,1,1,0,0,0,0,1,2
T410,0,0,0,1,0,0,0,0,1,0,0,0,0,0,1,0,0,0,0,0,0,0,0,0,0,0,1,0,0,0,0,2,1,0,1,0,0,0,0,2,0,1,0,0,0,0,0,0,0,0,0,0,0,0,0,0,1,1,0,0,1,0,1,2
T411,0,0,0,1,0,0,0,0,1,0,0,0,0,0,1,0,0,0,0,0,0,0,0,0,0,0,0,0,0,0,0,2,1,0,1,0,0,0,0,2,0,1,0,0,0,0,0,0,0,0,0,1,0,0,0,0,1,1,0,0,1,0,1,2
T412,0,0,0,1,0,0,0,0,1,0,0,0,0,1,1,0,0,0,0,0,0,0,0,0,0,0,0,0,0,0,0,2,1,0,1,0,0,0,0,2,0,0,0,0,0,0,0,0,0,0,0,1,0,0,0,0,1,1,0,0,1,0,1,2
T413,0,0,0,1,0,0,0,0,1,0,0,0,0,1,1,0,0,0,0,0,0,0,0,0,0,0,0,0,0,0,0,2,1,0,1,0,0,0,0,1,0,0,0,0,0,0,0,0,0,0,0,1,1,0,0,0,1,1,0,0,1,0,1,2
T414,0,0,0,1,0,0,0,0,1,0,0,0,0,1,1,0,0,0,1,0,0,0,0,0,0,0,0,0,0,0,0,1,1,0,1,0,0,0,0,1,0,0,0,0,0,0,0,0,0,0,0,1,1,0,0,0,1,1,0,0,1,0,1,2
T415,0,0,0,1,0,0,0,0,2,0,0,0,0,1,1,0,0,0,1,0,0,0,0,0,0,0,0,0,0,0,0,1,1,0,1,0,0,0,0,1,0,0,0,0,0,0,0,0,0,0,0,1,1,0,0,0,1,1,0,0,1,0,1,1
T416,0,0,0,1,0,0,0,0,2,0,0,0,0,1,1,0,0,0,1,0,0,0,0,0,0,0,0,0,0,0,0,1,2,0,1,0,0,0,0,1,0,0,0,0,0,0,0,0,0,0,0,1,1,0,0,0,1,1,0,0,1,0,1,0
T417,0,0,1,1,0,0,0,0,2,0,0,0,0,1,1,0,0,0,1,0,0,0,0,0,0,0,0,0,0,0,0,1,2,0,1,0,0,0,0,1,0,0,0,0,0,0,0,0,0,0,0,1,1,0,0,0,1,1,0,0,1,0,0,0
T418,0,0,1,1,0,0,0,0,2,1,0,0,0,1,1,0,0,0,1,0,0,0,0,0,0,0,0,0,0,0,0,1,2,0,1,0,0,0,0,1,0,0,0,0,0,0,0,0,0,0,0,1,1,0,0,0,0,1,0,0,1,0,0,0
T419,0,0,1,1,0,0,0,0,2,1,0,0,0,1,1,0,0,0,1,0,0,0,0,0,0,0,0,0,0,0,0,1,2,0,0,0,1,0,0,1,0,0,0,0,0,0,0,0,0,0,0,1,1,0,0,0,0,1,0,0,1,0,0,0
T420,0,0,1,1,0,0,0,0,1,1,0,0,0,1,1,0,0,0,2,0,0,0,0,0,0,0,0,0,0,0,0,1,2,0,0,0,1,0,0,1,0,0,0,0,0,0,0,0,0,0,0,1,1,0,0,0,0,1,0,0,1,0,0,0
T421,0,0,1,1,0,0,0,0,2,1,0,0,0,1,1,0,0,0,2,0,0,0,0,0,0,0,0,0,0,0,0,1,1,0,0,0,1,0,0,1,0,0,0,0,0,0,0,0,0,0,0,1,1,0,0,0,0,1,0,0,1,0,0,0
T422,0,0,1,0,0,0,0,0,2,1,0,0,0,1,1,0,0,0,2,0,0,0,0,0,0,0,0,0,0,0,0,1,2,0,0,0,1,0,0,1,0,0,0,0,0,0,0,0,0,0,0,1,1,0,0,0,0,1,0,0,1,0,0,0
T423,0,0,2,0,0,0,0,0,2,1,0,0,0,1,0,0,0,0,2,0,0,0,0,0,0,0,0,0,0,0,0,1,2,0,0,0,1,0,0,1,0,0,0,0,0,0,0,0,0,0,0,1,1,0,0,0,0,1,0,0,1,0,0,0
T424,0,0,2,0,0,0,0,0,3,1,0,0,0,1,0,0,0,0,2,0,0,0,0,0,0,0,0,0,0,0,0,1,2,0,0,0,1,0,0,1,0,0,0,0,0,0,0,0,0,0,0,1,1,0,0,0,0,0,0,0,1,0,0,0
T425,0,0,2,0,0,0,0,0,3,1,0,0,0,1,0,0,0,0,2,0,0,0,0,0,0,0,0,0,0,0,0,1,2,0,0,1,1,0,0,0,0,0,0,0,0,0,0,0,0,0,0,1,1,0,0,0,0,0,0,0,1,0,0,0
T426,0,0,2,0,0,0,0,0,3,1,0,0,0,1,1,0,0,0,2,0,0,0,0,0,0,0,0,0,0,0,0,0,2,0,0,1,1,0,0,0,0,0,0,0,0,0,0,0,0,0,0,1,1,0,0,0,0,0,0,0,1,0,0,0
T427,0,0,2,0,0,0,0,0,3,1,0,0,0,1,1,0,0,0,2,0,0,0,0,0,0,0,0,0,0,0,0,0,2,0,0,1,1,0,0,0,0,0,0,0,0,0,0,0,0,0,0,1,1,0,0,0,0,0,1,0,0,0,0,0
T428,0,0,2,0,0,0,0,0,3,1,0,0,0,1,1,0,0,0,2,0,0,0,0,0,0,0,0,0,0,0,0,0,2,0,0,1,1,0,0,0,1,0,0,0,0,0,0,0,0,0,0,0,1,0,0,0,0,0,1,0,0,0,0,0
T429,0,0,2,0,0,0,0,0,3,1,0,0,0,0,1,0,0,0,2,0,0,0,0,0,0,0,0,0,0,0,0,0,2,0,1,1,1,0,0,0,1,0,0,0,0,0,0,0,0,0,0,0,1,0,0,0,0,0,1,0,0,0,0,0
T430,0,0,2,0,0,0,0,0,4,1,0,0,0,0,1,0,0,0,2,0,0,0,0,0,0,0,0,0,0,0,0,0,2,0,1,1,1,0,0,0,1,0,0,0,0,0,0,0,0,0,0,0,0,0,0,0,0,0,1,0,0,0,0,0
T431,0,0,2,0,0,0,0,0,4,1,0,0,0,0,1,0,0,0,1,0,0,0,0,0,0,0,0,0,0,0,0,0,3,0,1,1,1,0,0,0,1,0,0,0,0,0,0,0,0,0,0,0,0,0,0,0,0,0,1,0,0,0,0,0
T432,0,0,3,0,0,0,0,0,3,1,0,0,0,0,1,0,0,0,1,0,0,0,0,0,0,0,0,0,0,0,0,0,3,0,1,1,1,0,0,0,1,0,0,0,0,0,0,0,0,0,0,0,0,0,0,0,0,0,1,0,0,0,0,0
T433,0,0,3,0,0,0,0,0,3,1,0,1,0,0,1,0,0,0,1,0,0,0,0,0,0,0,0,0,0,0,0,0,2,0,1,1,1,0,0,0,1,0,0,0,0,0,0,0,0,0,0,0,0,0,0,0,0,0,1,0,0,0,0,0
T434,0,0,2,0,0,0,0,0,3,1,0,1,0,0,1,0,0,0,1,0,0,0,0,0,0,0,0,0,0,0,0,0,2,0,1,1,1,0,0,0,1,0,0,0,0,1,0,0,0,0,0,0,0,0,0,0,0,0,1,0,0,0,0,0
T435,0,0,2,0,0,0,0,0,3,0,0,1,0,0,1,0,0,0,1,0,0,0,0,0,0,0,0,0,0,0,0,0,2,0,1,1,1,0,0,0,1,0,0,0,0,1,0,0,0,0,0,0,0,0,1,0,0,0,1,0,0,0,0,0
T436,0,0,2,0,0,0,0,0,3,0,0,1,0,0,1,0,0,0,1,0,0,0,0,0,0,1,0,0,0,0,0,0,2,0,1,1,0,0,0,0,1,0,0,0,0,1,0,0,0,0,0,0,0,0,1,0,0,0,1,0,0,0,0,0
T437,0,0,2,0,0,0,0,0,3,0,0,1,0,0,1,0,0,0,0,0,0,0,0,0,0,1,0,0,0,0,0,0,2,0,1,1,1,0,0,0,1,0,0,0,0,1,0,0,0,0,0,0,0,0,1,0,0,0,1,0,0,0,0,0
T438,0,0,2,0,0,0,0,0,2,0,0,1,0,0,1,0,0,1,0,0,0,0,0,0,0,1,0,0,0,0,0,0,2,0,1,1,1,0,0,0,1,0,0,0,0,1,0,0,0,0,0,0,0,0,1,0,0,0,1,0,0,0,0,0
T439,0,0,2,0,1,0,0,0,2,0,0,1,0,0,1,0,0,1,0,0,0,0,0,0,0,1,0,0,0,0,0,0,1,0,1,1,1,0,0,0,1,0,0,0,0,1,0,0,0,0,0,0,0,0,1,0,0,0,1,0,0,0,0,0
T440,0,0,1,0,1,0,0,0,2,0,0,1,0,0,1,0,0,2,0,0,0,0,0,0,0,1,0,0,0,0,0,0,1,0,1,1,1,0,0,0,1,0,0,0,0,1,0,0,0,0,0,0,0,0,1,0,0,0,1,0,0,0,0,0
T441,0,0,1,0,1,0,1,0,1,0,0,1,0,0,1,0,0,2,0,0,0,0,0,0,0,1,0,0,0,0,0,0,1,0,1,1,1,0,0,0,1,0,0,0,0,1,0,0,0,0,0,0,0,0,1,0,0,0,1,0,0,0,0,0
T442,0,0,1,0,1,0,1,0,1,0,0,1,0,0,1,0,0,2,0,0,0,0,0,0,1,1,0,0,0,0,0,0,1,0,1,0,1,0,0,0,1,0,0,0,0,1,0,0,0,0,0,0,0,0,1,0,0,0,1,0,0,0,0,0
T443,0,0,1,0,1,0,1,0,1,0,0,1,0,0,0,0,0,2,0,0,0,0,0,0,1,1,0,0,0,0,0,0,1,1,1,0,1,0,0,0,1,0,0,0,0,1,0,0,0,0,0,0,0,0,1,0,0,0,1,0,0,0,0,0
T444,0,0,1,0,1,0,1,1,1,0,0,1,0,0,0,0,0,2,0,0,0,0,0,0,1,1,0,0,0,0,0,0,1,1,1,0,1,0,0,0,1,0,0,0,0,1,0,0,0,0,0,0,0,0,1,0,0,0,0,0,0,0,0,0
T445,0,0,1,0,1,0,1,1,1,0,0,1,0,0,0,0,0,2,0,0,0,0,0,0,1,1,0,0,0,0,0,1,1,1,1,0,1,0,0,0,0,0,0,0,0,1,0,0,0,0,0,0,0,0,1,0,0,0,0,0,0,0,0,0
T446,0,0,1,0,1,0,1,1,1,0,0,1,0,0,0,0,0,2,0,0,0,0,0,0,1,1,0,0,0,0,0,1,1,1,0,0,1,0,0,0,0,0,0,0,0,1,0,0,0,0,0,0,0,0,1,0,0,0,0,0,0,0,1,0
T447,0,0,1,0,1,0,1,1,0,0,0,1,0,0,0,0,0,2,0,0,0,0,0,0,1,1,0,0,0,0,0,1,1,1,0,0,1,0,0,0,0,0,0,0,0,1,0,0,0,0,0,0,0,0,1,0,0,0,1,0,0,0,1,0
T448,0,0,1,0,1,0,1,1,0,0,0,1,0,0,0,0,0,2,0,0,0,0,0,0,1,1,0,0,0,0,0,1,0,1,0,0,1,0,0,0,0,0,0,1,0,1,0,0,0,0,0,0,0,0,1,0,0,0,1,0,0,0,1,0
T449,0,0,0,0,1,0,1,1,0,0,0,1,0,0,0,0,0,2,0,0,0,0,0,0,1,1,0,0,0,0,0,1,0,1,0,0,1,0,0,0,0,0,0,1,1,1,0,0,0,0,0,0,0,0,1,0,0,0,1,0,0,0,1,0
T450,0,0,0,0,1,0,1,1,0,0,0,0,0,0,0,0,0,2,0,0,0,0,0,0,1,1,0,0,0,0,0,1,0,1,0,0,1,0,0,0,0,0,0,1,1,1,0,0,0,0,1,0,0,0,1,0,0,0,1,0,0,0,1,0
T451,0,0,0,0,1,0,1,1,1,0,0,0,0,0,0,0,0,2,0,0,0,0,0,0,1,1,0,0,0,0,0,1,0,1,0,0,1,0,0,0,0,0,0,1,1,0,0,0,0,0,1,0,0,0,1,0,0,0,1,0,0,0,1,0
T452,0,0,0,0,1,0,1,1,1,0,0,0,0,0,0,0,0,2,0,0,0,0,0,0,1,1,0,0,0,0,0,1,1,1,0,0,1,0,0,0,0,0,0,1,1,0,0,0,0,0,1,0,0,0,0,0,0,0,1,0,0,0,1,0
T453,0,0,0,1,1,0,1,1,1,0,0,0,0,0,0,0,0,2,0,0,0,0,0,0,1,0,0,0,0,0,0,1,1,1,0,0,1,0,0,0,0,0,0,1,1,0,0,0,0,0,1,0,0,0,0,0,0,0,1,0,0,0,1,0
T454,0,0,0,1,1,0,1,1,1,0,0,0,0,0,1,0,0,2,0,0,0,0,0,0,1,0,0,0,0,0,0,1,1,1,0,0,0,0,0,0,0,0,0,1,1,0,0,0,0,0,1,0,0,0,0,0,0,0,1,0,0,0,1,0
T455,0,0,0,1,1,0,1,1,1,0,0,0,0,0,1,0,0,1,0,0,0,0,0,0,1,0,0,0,0,0,0,1,1,1,0,0,0,0,0,0,0,0,0,1,1,0,0,0,0,0,1,0,0,0,0,0,1,0,1,0,0,0,1,0
T456,0,0,0,1,0,0,1,1,1,0,0,0,0,0,1,0,0,1,0,0,0,0,0,0,1,0,0,0,0,0,0,1,1,1,0,1,0,0,0,0,0,0,0,1,1,0,0,0,0,0,1,0,0,0,0,0,1,0,1,0,0,0,1,0
T457,0,0,0,1,0,0,1,1,1,0,0,0,1,0,1,0,0,0,0,0,0,0,0,0,1,0,0,0,0,0,0,1,1,1,0,1,0,0,0,0,0,0,0,1,1,0,0,0,0,0,1,0,0,0,0,0,1,0,1,0,0,0,1,0
T458,0,0,0,1,0,0,0,1,1,0,0,0,1,0,1,0,0,0,0,0,0,0,0,0,1,0,0,0,0,0,0,1,1,1,0,1,0,0,0,0,0,0,0,1,1,0,0,0,1,0,1,0,0,0,0,0,1,0,1,0,0,0,1,0
T459,0,0,0,2,0,0,0,1,1,0,0,0,1,0,1,0,0,0,0,0,0,0,0,0,0,0,0,0,0,0,0,1,1,1,0,1,0,0,0,0,0,0,0,1,1,0,0,0,1,0,1,0,0,0,0,0,1,0,1,0,0,0,1,0
T460,0,0,0,2,0,0,0,1,1,0,0,0,2,0,1,0,0,0,0,0,0,0,0,0,0,0,0,0,0,0,0,1,1,0,0,1,0,0,0,0,0,0,0,1,1,0,0,0,1,0,1,0,0,0,0,0,1,0,1,0,0,0,1,0
T461,0,0,0,2,0,0,0,0,1,0,0,0,2,0,1,0,0,0,0,0,0,0,0,0,0,0,0,0,0,0,0,1,1,0,0,1,0,0,0,0,0,0,0,1,1,0,0,0,2,0,1,0,0,0,0,0,1,0,1,0,0,0,1,0
T462,0,0,1,2,0,0,0,0,1,0,0,0,2,0,1,0,0,0,0,0,0,0,0,0,0,0,0,0,0,0,0,0,1,0,0,1,0,0,0,0,0,0,0,1,1,0,0,0,2,0,1,0,0,0,0,0,1,0,1,0,0,0,1,0
T463,0,0,1,2,0,0,0,0,1,0,0,1,2,0,1,0,0,0,0,0,0,0,0,0,0,0,0,0,0,0,0,0,1,0,0,1,0,0,0,0,0,0,0,1,1,0,0,0,2,0,1,0,0,0,0,0,1,0,1,0,0,0,0,0
T464,0,0,1,2,0,0,0,0,1,0,0,1,2,0,1,0,0,0,0,0,0,0,0,0,0,0,0,0,0,0,0,0,1,0,0,1,0,0,0,0,0,0,0,1,1,0,0,1,2,0,1,0,0,0,0,0,1,0,0,0,0,0,0,0
T465,0,0,1,2,0,0,0,0,1,0,0,1,2,0,1,0,0,0,0,0,0,0,0,0,0,0,0,0,0,0,0,0,1,0,0,1,0,0,0,0,0,0,0,0,1,0,0,1,2,0,1,0,0,0,0,0,1,0,0,0,0,0,1,0
T466,0,0,1,2,0,0,0,0,1,0,0,1,2,0,1,0,0,0,0,0,0,0,0,0,0,0,0,0,0,0,0,0,1,0,0,1,0,0,0,0,0,0,0,0,0,0,0,1,2,0,1,0,0,0,0,0,2,0,0,0,0,0,1,0
T467,0,0,1,2,0,0,0,0,1,0,0,1,2,0,1,0,0,0,0,0,0,0,0,0,0,0,0,0,0,0,0,0,1,1,0,1,0,0,0,0,0,0,0,0,0,0,0,1,2,0,0,0,0,0,0,0,2,0,0,0,0,0,1,0
T468,0,0,1,2,0,0,1,0,0,0,0,1,2,0,1,0,0,0,0,0,0,0,0,0,0,0,0,0,0,0,0,0,1,1,0,1,0,0,0,0,0,0,0,0,0,0,0,1,2,0,0,0,0,0,0,0,2,0,0,0,0,0,1,0
T469,0,0,1,2,0,0,1,0,0,0,0,1,2,0,1,0,0,0,0,0,0,0,0,0,1,0,0,0,0,0,0,0,0,1,0,1,0,0,0,0,0,0,0,0,0,0,0,1,2,0,0,0,0,0,0,0,2,0,0,0,0,0,1,0
T470,0,0,1,1,0,0,1,0,0,0,0,1,2,0,1,0,0,0,0,0,0,0,0,0,1,0,0,0,0,0,0,0,1,1,0,1,0,0,0,0,0,0,0,0,0,0,0,1,2,0,0,0,0,0,0,0,2,0,0,0,0,0,1,0
T471,0,0,1,2,0,0,1,0,0,0,0,1,2,0,0,0,0,0,0,0,0,0,0,0,1,0,0,0,0,0,0,0,1,1,0,1,0,0,0,0,0,0,0,0,0,0,0,1,2,0,0,0,0,0,0,0,2,0,0,0,0,0,1,0
T472,0,0,1,2,0,0,1,0,0,0,0,1,2,0,0,1,0,0,0,0,0,0,0,0,1,0,0,0,0,0,0,0,1,1,0,1,0,0,0,0,0,0,0,0,0,0,0,1,2,0,0,0,0,0,0,0,1,0,0,0,0,0,1,0
T473,0,0,1,2,0,0,1,0,0,0,0,1,2,0,0,1,0,0,0,0,0,0,0,0,1,0,0,0,0,0,0,0,1,1,0,0,0,0,0,0,0,0,0,0,0,0,0,1,2,0,0,0,0,0,0,0,1,0,0,0,0,1,1,0
T474,0,0,1,2,0,0,1,0,0,0,0,1,1,0,0,1,0,0,0,0,0,0,0,0,1,0,0,0,0,0,0,0,1,1,0,0,0,0,0,0,0,0,0,0,0,0,0,1,2,0,0,0,0,0,0,1,1,0,0,0,0,1,1,0
T475,0,0,1,2,0,0,1,0,0,0,0,1,1,0,0,1,0,0,0,0,0,0,0,0,1,0,0,0,1,0,0,0,1,1,0,0,0,0,0,0,0,0,0,0,0,0,0,1,1,0,0,0,0,0,0,1,1,0,0,0,0,1,1,0
T476,0,0,1,1,0,0,1,0,0,0,0,1,1,0,0,1,0,0,0,0,0,0,0,0,1,0,0,0,1,0,0,0,1,1,0,0,0,0,0,0,0,0,0,0,0,0,0,1,2,0,0,0,0,0,0,1,1,0,0,0,0,1,1,0
T477,0,0,2,1,0,0,1,0,0,0,0,1,0,0,0,1,0,0,0,0,0,0,0,0,1,0,0,0,1,0,0,0,1,1,0,0,0,0,0,0,0,0,0,0,0,0,0,1,2,0,0,0,0,0,0,1,1,0,0,0,0,1,1,0
T478,0,0,2,1,0,0,1,0,0,1,0,1,0,0,0,1,0,0,0,0,0,0,0,0,1,0,0,0,1,0,0,0,1,1,0,0,0,0,0,0,0,0,0,0,0,0,0,1,1,0,0,0,0,0,0,1,1,0,0,0,0,1,1,0
T479,0,0,1,1,0,0,1,0,0,1,0,1,0,0,0,1,0,0,0,0,0,0,0,0,1,0,0,0,1,0,0,0,1,1,0,0,0,1,0,0,0,0,0,0,0,0,0,1,1,0,0,0,0,0,0,1,1,0,0,0,0,1,1,0
T480,0,0,1,1,0,0,1,0,0,1,0,0,0,0,0,1,0,0,0,0,0,0,1,0,1,0,0,0,1,0,0,0,1,1,0,0,0,1,0,0,0,0,0,0,0,0,0,1,1,0,0,0,0,0,0,1,1,0,0,0,0,1,1,0
T481,0,0,1,1,0,0,1,0,0,1,0,0,0,0,0,1,0,0,0,0,0,0,1,0,2,0,0,0,1,0,0,0,1,1,0,0,0,1,0,0,0,0,0,0,0,0,0,0,1,0,0,0,0,0,0,1,1,0,0,0,0,1,1,0
T482,0,0,1,1,0,0,1,0,0,1,0,0,0,0,0,1,0,0,0,0,0,0,1,0,2,0,0,0,1,0,0,0,2,1,0,0,0,1,0,0,0,0,0,0,0,0,0,0,1,0,0,0,0,0,0,1,1,0,0,0,0,1,0,0
T483,0,0,1,2,0,0,1,0,0,1,0,0,0,0,0,1,0,0,0,0,0,0,1,0,2,0,0,0,1,0,0,0,2,1,0,0,0,1,0,0,0,0,0,0,0,0,0,0,1,0,0,0,0,0,0,1,0,0,0,0,0,1,0,0
T484,0,0,1,2,0,0,1,0,0,1,0,0,1,0,0,1,0,0,0,0,0,0,1,0,2,0,0,0,1,0,0,0,2,0,0,0,0,1,0,0,0,0,0,0,0,0,0,0,1,0,0,0,0,0,0,1,0,0,0,0,0,1,0,0
T485,0,0,1,2,0,0,0,0,0,1,0,0,1,0,0,1,0,0,0,0,0,0,1,0,2,0,0,0,1,0,0,0,2,0,0,0,0,1,0,0,0,0,0,0,0,0,0,0,1,1,0,0,0,0,0,1,0,0,0,0,0,1,0,0
T486,0,0,1,2,0,0,1,0,0,1,0,0,1,0,0,1,0,0,0,0,0,0,1,0,1,0,0,0,1,0,0,0,2,0,0,0,0,1,0,0,0,0,0,0,0,0,0,0,1,1,0,0,0,0,0,1,0,0,0,0,0,1,0,0
T487,0,0,1,2,0,0,1,0,0,1,0,0,1,0,0,1,0,0,0,0,0,0,1,0,1,0,1,0,1,0,0,0,1,0,0,0,0,1,0,0,0,0,0,0,0,0,0,0,1,1,0,0,0,0,0,1,0,0,0,0,0,1,0,0
T488,0,0,1,1,0,0,1,0,0,1,0,0,1,0,0,1,0,0,0,0,0,0,1,0,1,0,1,0,1,0,0,0,1,0,0,0,0,1,0,0,0,0,0,1,0,0,0,0,1,1,0,0,0,0,0,1,0,0,0,0,0,1,0,0
T489,0,0,1,1,0,0,1,0,0,1,0,0,1,0,0,0,0,0,0,0,0,0,1,0,1,0,1,0,1,0,0,0,1,0,0,0,0,1,0,0,0,0,0,1,0,0,1,0,1,1,0,0,0,0,0,1,0,0,0,0,0,1,0,0
T490,0,0,1,1,0,0,1,0,0,1,0,0,1,0,0,0,0,0,0,0,0,0,1,0,1,0,1,0,1,0,0,0,1,0,0,0,0,1,0,0,0,0,0,1,0,0,1,0,1,1,0,0,0,0,0,1,0,0,1,0,0,0,0,0
T491,0,0,1,1,0,0,1,0,0,1,0,0,1,0,0,0,0,0,0,0,0,0,1,0,1,0,1,0,1,0,0,0,1,0,0,0,0,1,0,0,1,0,0,1,0,0,1,0,1,1,0,0,0,0,0,0,0,0,1,0,0,0,0,0
T492,0,0,1,1,0,0,1,0,0,1,0,0,1,0,0,0,0,0,0,0,0,0,1,0,1,0,1,0,0,0,0,0,1,0,1,0,0,1,0,0,1,0,0,1,0,0,1,0,1,1,0,0,0,0,0,0,0,0,1,0,0,0,0,0
T493,0,0,1,1,0,0,1,0,1,1,0,0,1,0,0,0,0,0,0,0,0,0,1,0,1,0,1,0,0,0,0,0,1,0,1,0,0,1,0,0,1,0,0,1,0,0,1,0,0,1,0,0,0,0,0,0,0,0,1,0,0,0,0,0
T494,0,0,0,1,0,0,1,0,1,1,0,0,1,0,0,0,0,0,0,0,0,0,1,0,1,0,1,0,0,0,0,0,2,0,1,0,0,1,0,0,1,0,0,1,0,0,1,0,0,1,0,0,0,0,0,0,0,0,1,0,0,0,0,0
T495,0,0,1,1,0,0,1,0,1,0,0,0,1,0,0,0,0,0,0,0,0,0,1,0,1,0,1,0,0,0,0,0,2,0,1,0,0,1,0,0,1,0,0,1,0,0,1,0,0,1,0,0,0,0,0,0,0,0,1,0,0,0,0,0
T496,0,0,1,1,0,0,1,0,2,0,0,0,1,0,0,0,0,0,0,0,0,0,1,0,1,0,1,0,0,0,0,0,2,0,1,0,0,0,0,0,1,0,0,1,0,0,1,0,0,1,0,0,0,0,0,0,0,0,1,0,0,0,0,0
T497,0,0,1,1,0,0,1,0,2,0,0,0,1,0,0,0,0,0,0,0,0,0,0,0,1,0,1,0,0,0,0,0,2,1,1,0,0,0,0,0,1,0,0,1,0,0,1,0,0,1,0,0,0,0,0,0,0,0,1,0,0,0,0,0
T498,0,0,1,1,0,0,2,0,2,0,0,0,1,0,0,0,0,0,0,0,0,0,0,0,0,0,1,0,0,0,0,0,2,1,1,0,0,0,0,0,1,0,0,1,0,0,1,0,0,1,0,0,0,0,0,0,0,0,1,0,0,0,0,0
T499,0,0,1,1,0,0,2,0,2,0,0,0,1,0,0,0,0,0,0,0,0,0,0,0,0,0,1,1,0,0,0,0,1,1,1,0,0,0,0,0,1,0,0,1,0,0,1,0,0,1,0,0,0,0,0,0,0,0,1,0,0,0,0,0
T500,0,0,1,0,0,0,2,0,2,0,0,0,1,0,0,0,0,0,0,0,0,0,0,0,0,0,1,1,0,0,0,0,1,1,1,0,0,0,0,0,1,0,0,1,1,0,1,0,0,1,0,0,0,0,0,0,0,0,1,0,0,0,0,0
T501,0,0,1,0,0,0,2,0,2,0,0,0,0,0,0,0,0,0,0,0,0,0,0,0,0,0,1,1,0,0,0,0,1,1,1,0,0,0,0,0,1,0,0,1,1,0,1,0,0,1,0,1,0,0,0,0,0,0,1,0,0,0,0,0
T502,0,0,1,0,0,0,2,0,2,0,0,0,0,0,0,1,0,0,0,0,0,0,0,0,0,0,1,1,0,0,0,0,1,1,1,0,0,0,0,0,1,0,0,1,1,0,1,0,0,0,0,1,0,0,0,0,0,0,1,0,0,0,0,0
T503,0,0,1,0,0,0,1,0,2,0,0,0,0,0,0,1,0,0,0,0,0,0,0,0,0,0,1,1,0,0,0,0,1,1,1,0,0,0,0,0,1,0,0,1,1,0,1,0,0,0,0,1,0,0,0,0,0,0,1,0,1,0,0,0
T504,0,0,1,0,0,0,1,0,2,0,0,0,0,0,0,1,0,0,0,0,0,0,0,0,0,0,0,1,0,0,0,0,1,1,1,0,0,0,0,0,1,0,0,1,1,0,1,0,0,0,1,1,0,0,0,0,0,0,1,0,1,0,0,0
T505,0,0,1,0,0,0,1,0,2,0,0,1,0,0,0,1,0,0,0,0,0,0,0,0,0,0,0,1,0,0,0,0,1,1,1,0,0,0,0,0,1,0,0,0,1,0,1,0,0,0,1,1,0,0,0,0,0,0,1,0,1,0,0,0
T506,0,0,1,0,0,0,1,0,2,0,0,1,0,0,0,1,0,0,0,0,0,0,0,0,0,0,0,1,0,0,0,0,1,1,1,0,0,0,0,0,1,0,0,0,1,0,0,1,0,0,1,1,0,0,0,0,0,0,1,0,1,0,0,0
T507,0,0,1,0,0,0,1,0,2,0,0,1,0,0,0,1,0,0,0,0,0,0,0,0,0,0,0,1,0,0,0,0,1,1,1,0,0,0,0,0,1,0,0,0,1,0,0,1,0,0,1,1,0,0,0,0,0,0,0,0,1,0,1,0
T508,0,0,1,0,0,0,1,0,2,0,0,1,0,0,0,1,0,0,0,0,0,0,0,0,0,0,0,1,0,0,0,0,1,1,1,0,0,0,0,0,0,0,0,0,1,0,0,1,0,0,1,1,0,0,0,0,1,0,0,0,1,0,1,0
T509,0,0,1,0,0,0,1,0,2,0,0,1,0,0,0,1,0,0,0,0,0,0,0,0,0,0,0,1,0,0,0,0,1,1,0,1,0,0,0,0,0,0,0,0,1,0,0,1,0,0,1,1,0,0,0,0,1,0,0,0,1,0,1,0
T510,0,0,1,0,0,0,1,0,1,0,0,1,0,0,1,1,0,0,0,0,0,0,0,0,0,0,0,1,0,0,0,0,1,1,0,1,0,0,0,0,0,0,0,0,1,0,0,1,0,0,1,1,0,0,0,0,1,0,0,0,1,0,1,0
T511,0,0,1,0,0,0,1,0,1,0,0,1,0,0,1,1,0,0,0,0,0,0,0,0,0,0,0,1,0,0,0,0,0,1,0,1,0,0,0,0,0,0,0,0,1,0,0,1,0,0,1,1,0,0,0,0,1,0,0,1,1,0,1,0
T512,0,0,0,0,0,0,1,0,1,0,0,1,0,0,1,1,0,0,0,0,0,0,0,0,0,0,0,1,0,0,0,0,0,1,0,1,0,0,0,0,0,0,0,0,1,1,0,1,0,0,1,1,0,0,0,0,1,0,0,1,1,0,1,0
T513,0,0,0,0,0,0,1,0,0,0,0,1,0,0,1,1,0,0,0,0,0,0,0,0,0,0,0,1,0,0,0,0,0,1,0,1,0,0,0,0,0,0,0,0,1,1,0,1,0,0,1,1,0,0,0,1,1,0,0,1,1,0,1,0
T514,0,0,0,0,0,0,1,0,0,0,0,1,0,0,1,1,0,0,0,0,0,0,0,0,0,0,0,1,0,0,1,0,0,0,0,1,0,0,0,0,0,0,0,0,1,1,0,1,0,0,1,1,0,0,0,1,1,0,0,1,1,0,1,0
T515,0,0,0,0,0,0,0,0,0,0,0,1,0,0,1,1,0,0,0,0,0,0,0,0,0,0,0,1,0,0,1,0,0,0,0,1,0,0,0,0,0,0,0,0,1,1,0,1,0,0,1,1,0,0,0,1,2,0,0,1,1,0,1,0
T516,0,0,0,0,0,0,0,0,0,0,0,1,0,0,1,1,0,0,0,0,0,0,0,0,0,0,0,0,0,0,1,0,0,0,0,2,0,0,0,0,0,0,0,0,1,1,0,1,0,0,1,1,0,0,0,1,2,0,0,1,1,0,1,0
T517,0,0,0,0,0,0,0,0,0,0,0,1,0,0,2,1,0,0,0,0,0,0,0,0,0,0,0,0,0,0,1,0,0,0,0,2,0,0,0,0,0,0,0,0,0,1,0,1,0,0,1,1,0,0,0,1,2,0,0,1,1,0,1,0
T518,0,0,0,0,0,0,0,0,0,0,0,1,0,0,2,1,0,0,0,0,0,0,0,0,0,0,0,0,0,0,1,0,0,0,0,2,0,0,0,0,0,0,0,0,0,1,0,1,0,0,1,0,0,0,0,1,2,1,0,1,1,0,1,0
T519,0,0,0,0,0,0,0,0,0,0,0,1,0,0,2,0,0,0,0,0,0,0,0,0,0,0,0,0,0,0,1,0,0,0,0,2,0,0,1,0,0,0,0,0,0,1,0,1,0,0,1,0,0,0,0,1,2,1,0,1,1,0,1,0
T520,0,0,0,0,0,0,0,0,0,0,0,1,0,0,2,0,0,0,0,0,0,0,0,0,0,0,0,1,0,0,1,0,0,0,0,2,0,0,1,0,0,0,0,0,0,1,0,1,0,0,1,0,0,0,0,1,2,1,0,1,0,0,1,0
T521,0,0,0,0,0,0,0,0,0,0,0,1,0,0,2,0,0,0,0,0,0,0,0,0,0,0,0,1,0,0,1,0,0,0,0,2,0,0,1,0,0,0,0,0,0,1,1,1,0,0,0,0,0,0,0,1,2,1,0,1,0,0,1,0
T522,0,0,0,0,0,0,0,0,0,0,0,0,0,0,2,0,0,0,0,0,0,0,0,0,0,0,0,1,0,0,1,0,0,0,0,2,0,0,1,0,0,0,0,0,0,1,1,1,0,0,0,0,0,0,0,1,2,1,1,1,0,0,1,0
T523,0,0,0,0,0,0,0,0,0,0,0,0,0,0,2,0,0,0,0,0,0,0,0,0,0,0,0,1,0,0,1,0,0,0,0,2,0,0,1,0,0,0,0,1,0,1,1,0,0,0,0,0,0,0,0,1,2,1,1,1,0,0,1,0
T524,0,0,0,0,0,0,0,0,0,0,0,0,0,0,2,0,0,0,0,0,0,0,0,0,0,0,0,1,0,0,1,0,0,0,0,2,0,0,1,0,0,0,0,1,1,1,1,0,0,0,0,0,0,0,0,1,2,1,1,1,0,0,0,0
T525,0,0,0,0,0,0,0,0,0,0,0,0,0,0,2,0,0,0,0,0,0,0,0,0,0,0,0,1,0,0,1,0,0,0,0,2,0,0,1,0,0,0,0,1,1,1,1,0,0,0,1,0,0,0,0,1,1,1,1,1,0,0,0,0
T526,0,0,0,0,0,0,0,0,0,0,1,0,0,0,2,0,0,0,0,0,0,0,0,0,0,0,0,1,0,0,1,0,0,0,0,1,0,0,1,0,0,0,0,1,1,1,1,0,0,0,1,0,0,0,0,1,1,1,1,1,0,0,0,0
T527,0,0,0,0,0,0,0,0,0,0,1,0,0,0,1,0,0,0,0,0,0,0,0,0,0,0,0,1,0,0,1,0,0,0,0,1,0,0,1,0,1,0,0,1,1,1,1,0,0,0,1,0,0,0,0,1,1,1,1,1,0,0,0,0
T528,0,0,0,0,0,0,0,0,0,0,1,0,0,0,1,0,0,0,0,0,0,0,0,0,0,0,0,1,0,0,1,0,0,0,1,1,0,0,1,0,1,0,0,1,1,1,1,0,0,0,1,0,0,0,0,1,1,1,1,0,0,0,0,0
T529,0,0,0,0,0,0,0,0,0,1,1,0,0,0,1,0,0,0,0,0,0,0,0,0,0,0,0,1,0,0,1,0,0,0,1,1,0,0,1,0,1,0,0,1,1,0,1,0,0,0,1,0,0,0,0,1,1,1,1,0,0,0,0,0
T530,0,0,0,0,0,0,0,0,0,1,1,0,0,0,1,0,0,0,0,0,0,0,0,0,0,0,0,1,0,0,1,0,0,0,1,1,1,0,1,0,1,0,0,1,1,0,1,0,0,0,1,0,0,0,0,0,1,1,1,0,0,0,0,0
T531,0,0,0,0,0,0,0,0,0,1,1,0,0,0,1,0,0,0,1,0,0,0,0,0,0,0,0,1,0,0,0,0,0,0,1,1,1,0,1,0,1,0,0,1,1,0,1,0,0,0,1,0,0,0,0,0,1,1,1,0,0,0,0,0
T532,0,0,0,0,0,0,0,0,0,1,2,0,0,0,1,0,0,0,1,0,0,0,0,0,0,0,0,1,0,0,0,0,0,0,1,1,1,0,1,0,1,0,0,1,1,0,1,0,0,0,1,0,0,0,0,0,0,1,1,0,0,0,0,0
T533,0,0,0,0,0,0,0,0,0,1,2,0,0,0,1,0,0,0,1,0,0,0,0,0,0,0,0,1,0,0,0,0,0,0,1,0,1,0,1,0,2,0,0,1,1,0,1,0,0,0,1,0,0,0,0,0,0,1,1,0,0,0,0,0
T534,0,0,0,0,0,0,0,0,0,1,2,0,0,0,0,0,0,0,1,0,0,0,0,0,0,0,0,1,0,0,0,0,0,0,1,1,1,0,1,0,2,0,0,1,1,0,1,0,0,0,1,0,0,0,0,0,0,1,1,0,0,0,0,0
T535,0,0,0,0,0,0,0,0,0,1,2,0,0,0,1,0,0,0,1,0,0,0,0,0,0,0,0,1,0,0,0,0,0,0,1,1,1,0,1,0,2,0,0,1,1,0,1,0,0,0,1,0,0,0,0,0,0,0,1,0,0,0,0,0
T536,0,0,0,0,0,0,0,0,0,1,2,0,0,0,1,0,0,0,1,0,0,0,0,0,0,0,0,1,0,0,0,0,0,0,1,1,1,0,0,0,2,0,0,1,1,0,1,0,0,0,1,0,0,0,0,0,1,0,1,0,0,0,0,0
T537,0,0,0,0,0,0,0,0,0,1,2,0,0,0,1,0,0,0,1,0,0,0,0,0,0,0,0,0,0,0,0,0,0,0,1,2,1,0,0,0,2,0,0,1,1,0,1,0,0,0,1,0,0,0,0,0,1,0,1,0,0,0,0,0
T538,0,0,0,0,0,0,0,0,0,1,2,0,1,0,1,0,0,0,1,0,0,0,0,0,0,0,0,0,0,0,0,0,0,0,1,2,1,0,0,0,2,0,0,1,1,0,0,0,0,0,1,0,0,0,0,0,1,0,1,0,0,0,0,0
T539,0,0,0,0,0,0,0,0,0,1,2,0,1,0,1,0,0,0,1,0,0,0,0,0,0,0,0,0,0,0,0,0,0,0,1,2,1,0,0,0,2,0,0,1,1,0,0,0,1,0,1,0,0,0,0,0,1,0,0,0,0,0,0,0
T540,0,0,1,0,0,0,0,0,0,1,2,0,1,0,1,0,0,0,1,0,0,0,0,0,0,0,0,0,0,0,0,0,0,0,1,2,1,0,0,0,2,0,0,0,1,0,0,0,1,0,1,0,0,0,0,0,1,0,0,0,0,0,0,0
T541,0,0,1,0,0,0,0,0,1,1,2,0,1,0,1,0,0,0,1,0,0,0,0,0,0,0,0,0,0,0,0,0,0,0,1,2,1,0,0,0,2,0,0,0,0,0,0,0,1,0,1,0,0,0,0,0,1,0,0,0,0,0,0,0
T542,0,0,1,0,0,0,0,0,1,1,2,0,1,0,1,0,0,0,1,0,0,0,0,0,0,0,0,0,0,0,0,0,0,0,2,2,1,0,0,0,2,0,0,0,0,0,0,0,1,0,0,0,0,0,0,0,1,0,0,0,0,0,0,0
T543,0,0,1,0,0,0,0,0,1,1,2,0,1,0,1,0,0,0,1,0,0,0,0,0,0,0,0,0,0,0,0,0,0,0,2,2,1,0,0,0,2,0,0,0,0,0,0,0,1,0,0,0,0,0,0,0,1,0,0,0,0,0,0,0
T544,0,0,1,0,0,0,0,0,1,1,2,0,1,0,1,0,0,0,1,0,0,0,0,0,0,0,0,0,0,0,0,0,0,0,2,2,1,0,0,0,1,0,1,0,0,0,0,0,1,0,0,0,0,0,0,0,1,0,0,0,0,0,0,0
T545,0,0,1,0,0,0,0,0,1,1,2,0,1,0,1,0,0,0,1,0,0,0,0,0,0,0,0,0,0,0,0,0,0,0,1,2,1,0,0,0,1,0,2,0,0,0,0,0,1,0,0,0,0,0,0,0,1,0,0,0,0,0,0,0
T546,0,0,1,0,0,0,0,0,1,0,2,0,1,0,1,0,0,0,1,0,0,0,0,0,0,0,0,0,0,0,0,0,0,0,1,2,1,0,0,0,1,0,3,0,0,0,0,0,1,0,0,0,0,0,0,0,1,0,0,0,0,0,0,0
T547,0,0,1,0,0,0,0,0,1,0,2,0,1,0,1,0,0,0,1,0,0,0,0,0,0,0,0,0,0,0,0,0,0,0,1,2,0,0,0,0,2,0,3,0,0,0,0,0,1,0,0,0,0,0,0,0,1,0,0,0,0,0,0,0
T548,0,0,1,0,0,0,0,0,1,0,2,0,1,0,1,0,0,0,0,0,0,0,0,0,0,0,0,0,0,0,0,0,0,1,1,2,0,0,0,0,2,0,3,0,0,0,0,0,1,0,0,0,0,0,0,0,1,0,0,0,0,0,0,0
T549,0,0,1,0,0,0,1,0,1,0,1,0,1,0,1,0,0,0,0,0,0,0,0,0,0,0,0,0,0,0,0,0,0,1,1,2,0,0,0,0,2,0,3,0,0,0,0,0,1,0,0,0,0,0,0,0,1,0,0,0,0,0,0,0
T550,0,0,1,0,0,0,1,0,1,0,1,0,1,0,1,0,0,0,0,0,0,0,0,0,0,0,0,1,0,0,0,0,0,1,1,2,0,0,0,0,1,0,3,0,0,0,0,0,1,0,0,0,0,0,0,0,1,0,0,0,0,0,0,0
T551,0,0,1,0,0,0,1,0,1,0,1,0,1,0,1,0,0,0,0,0,0,0,0,0,0,0,0,1,0,0,0,0,0,1,1,1,0,0,0,0,1,0,3,0,0,0,0,1,1,0,0,0,0,0,0,0,1,0,0,0,0,0,0,0
T552,0,0,1,0,0,0,1,0,1,0,1,0,1,0,0,0,0,0,0,0,0,0,0,0,0,0,0,1,0,0,0,0,0,1,1,1,0,0,0,0,1,0,3,0,0,0,0,1,1,0,0,0,0,0,0,0,1,0,0,0,0,0,1,0
T553,0,0,1,0,0,0,1,0,1,0,1,0,1,0,0,0,0,0,0,0,0,0,0,0,0,0,0,1,0,0,0,0,0,1,1,1,0,0,0,0,1,0,3,0,0,0,0,1,1,0,0,0,0,0,0,0,0,0,0,1,0,0,1,0
T554,0,0,1,0,0,0,1,0,1,0,1,0,1,0,0,0,0,0,0,0,0,0,0,0,0,0,0,1,0,0,0,0,0,1,1,0,0,0,0,0,1,0,3,0,1,0,0,1,1,0,0,0,0,0,0,0,0,0,0,1,0,0,1,0
T555,0,0,1,0,0,0,1,0,1,0,1,0,0,0,0,0,0,0,0,0,0,0,0,0,0,0,0,1,0,0,0,0,0,1,1,0,0,0,0,0,1,0,3,0,1,0,0,1,1,0,1,0,0,0,0,0,0,0,0,1,0,0,1,0
T556,0,0,1,0,0,0,1,0,1,0,1,1,0,0,0,0,0,0,0,0,0,0,0,0,0,0,0,1,0,0,0,0,0,1,1,0,0,0,0,0,1,0,3,0,1,0,0,1,0,0,1,0,0,0,0,0,0,0,0,1,0,0,1,0
T557,0,0,0,0,0,0,1,0,1,0,1,1,0,0,0,0,0,0,0,0,0,0,0,0,0,0,0,1,0,0,0,0,0,1,1,0,0,0,0,0,1,0,3,0,1,0,0,2,0,0,1,0,0,0,0,0,0,0,0,1,0,0,1,0
T558,0,0,0,0,0,0,1,0,0,0,1,1,0,0,0,0,0,0,0,0,0,0,0,0,0,0,0,1,0,0,0,0,0,1,1,0,0,0,0,0,1,0,3,0,1,0,0,2,0,0,1,0,0,0,0,0,0,0,0,1,0,0,2,0
T559,0,0,0,0,0,0,1,0,0,0,1,1,0,0,0,0,0,0,0,0,0,0,0,0,0,0,0,1,0,0,0,0,0,1,0,0,0,0,0,0,1,0,3,0,1,0,0,2,0,0,1,0,0,0,0,0,0,0,1,1,0,0,2,0
T560,0,0,0,0,0,0,1,0,0,0,0,1,0,0,0,0,0,0,0,0,0,0,0,0,0,0,0,1,0,0,0,0,0,1,0,0,0,0,0,0,1,0,4,0,1,0,0,2,0,0,1,0,0,0,0,0,0,0,1,1,0,0,2,0
T561,0,0,0,0,0,0,1,0,0,0,0,1,0,0,0,0,0,0,0,0,0,0,0,0,0,0,0,1,0,0,0,0,0,1,0,0,0,0,0,0,1,0,4,0,1,0,0,2,0,0,1,0,0,0,0,0,0,0,1,1,0,0,2,0
T562,0,0,0,0,0,0,1,0,0,0,0,1,0,0,0,0,0,0,0,0,0,0,0,0,0,0,0,1,0,0,0,0,0,1,0,0,0,0,0,0,1,0,3,1,1,0,0,2,0,0,1,0,0,0,0,0,0,0,1,1,0,0,2,0
T563,0,0,0,0,0,0,1,0,0,0,0,1,0,0,0,0,0,0,0,0,0,0,0,0,0,0,0,1,0,0,0,0,0,1,0,0,0,0,0,0,1,0,2,1,1,1,0,2,0,0,1,0,0,0,0,0,0,0,1,1,0,0,2,0
T564,0,0,0,0,0,0,1,0,0,0,0,1,0,0,0,0,0,0,0,0,0,0,0,0,0,0,0,1,0,0,0,0,0,1,0,0,0,0,0,0,0,0,2,1,1,1,0,2,0,0,1,0,0,0,0,1,0,0,1,1,0,0,2,0
T565,0,0,0,0,0,0,1,0,0,0,0,1,0,0,0,0,0,0,0,0,0,0,0,0,0,0,0,1,0,0,1,0,0,0,0,0,0,0,0,0,0,0,2,1,1,1,0,2,0,0,1,0,0,0,0,1,0,0,1,1,0,0,2,0
T566,0,0,0,0,0,0,0,0,0,0,0,1,0,0,0,0,0,0,0,0,0,0,0,0,0,0,0,1,0,0,1,0,0,0,0,0,0,0,0,0,0,0,2,1,1,1,0,2,0,0,1,0,0,0,0,1,0,1,1,1,0,0,2,0
T567,0,0,0,0,0,0,0,0,0,0,0,1,0,0,0,0,0,0,0,0,0,0,0,0,0,0,0,0,0,0,1,0,0,0,0,0,0,0,0,1,0,0,2,1,1,1,0,2,0,0,1,0,0,0,0,1,0,1,1,1,0,0,2,0
T568,0,0,0,0,0,0,0,0,0,0,0,1,0,0,0,0,0,0,0,0,0,0,0,0,0,0,0,0,0,0,2,0,0,0,0,0,0,0,0,1,0,0,2,1,1,1,0,1,0,0,1,0,0,0,0,1,0,1,1,1,0,0,2,0
T569,0,0,0,0,0,0,0,0,0,0,0,1,0,0,0,0,0,0,0,0,0,0,0,0,0,0,0,0,0,0,2,0,0,0,0,0,0,0,0,1,0,0,2,1,1,1,0,1,0,0,1,0,0,0,0,1,0,2,1,1,0,0,1,0
T570,0,0,0,0,0,0,0,0,0,0,0,1,0,0,0,0,0,0,0,0,0,0,0,0,0,0,0,0,0,0,2,0,0,0,0,0,0,0,0,2,0,0,2,1,1,1,0,1,0,0,1,0,0,0,0,1,0,2,1,0,0,0,1,0
T571,0,0,0,0,0,0,0,0,0,0,0,1,0,0,0,0,0,0,0,0,0,0,0,0,0,0,0,0,0,0,3,0,0,0,0,0,0,0,0,2,0,0,2,1,0,1,0,1,0,0,1,0,0,0,0,1,0,2,1,0,0,0,1,0
T572,0,0,0,0,0,0,0,0,0,0,0,1,0,0,0,0,0,0,0,0,0,0,0,0,0,0,0,0,0,0,3,0,0,0,0,0,0,0,0,2,0,0,2,1,0,1,0,1,0,0,0,0,0,0,0,1,0,2,2,0,0,0,1,0
T573,0,0,0,0,0,0,0,0,0,0,0,0,0,0,0,0,0,0,0,0,0,0,0,0,0,0,0,0,0,0,3,0,0,0,0,0,0,0,0,2,0,0,3,1,0,1,0,1,0,0,0,0,0,0,0,1,0,2,2,0,0,0,1,0
T574,0,0,0,0,0,0,0,0,0,0,0,0,0,0,0,0,0,0,0,0,0,0,0,0,0,0,0,0,0,0,3,0,0,0,0,0,0,0,0,2,0,0,3,2,0,1,0,0,0,0,0,0,0,0,0,1,0,2,2,0,0,0,1,0
T575,0,0,0,0,0,0,0,0,0,0,0,0,0,0,0,0,0,0,0,0,0,0,0,0,0,0,0,0,0,0,3,0,0,0,0,0,0,0,0,2,0,0,3,2,1,1,0,0,0,0,0,0,0,0,0,1,0,2,2,0,0,0,0,0
T576,0,0,0,0,0,0,0,0,0,0,0,0,0,0,0,0,0,0,0,0,0,0,0,0,0,0,0,0,0,0,3,0,0,0,0,0,0,0,0,2,0,0,3,2,1,1,0,0,0,0,1,0,0,0,0,1,0,2,1,0,0,0,0,0
T577,0,0,0,0,0,0,0,0,1,0,0,0,0,0,0,0,0,0,0,0,0,0,0,0,0,0,0,0,0,0,3,0,0,0,0,0,0,0,0,2,0,0,2,2,1,1,0,0,0,0,1,0,0,0,0,1,0,2,1,0,0,0,0,0
T578,0,0,0,0,0,0,0,0,1,0,0,0,0,0,0,0,0,0,0,0,0,0,0,0,0,0,0,0,0,0,3,0,1,0,0,0,0,0,0,2,0,0,1,2,1,1,0,0,0,0,1,0,0,0,0,1,0,2,1,0,0,0,0,0
T579,0,0,1,0,0,0,0,0,1,0,0,0,0,0,0,0,0,0,0,0,0,0,0,0,0,0,0,0,0,0,3,0,1,0,0,0,0,0,0,2,0,0,1,1,1,1,0,0,0,0,1,0,0,0,0,1,0,2,1,0,0,0,0,0
T580,0,0,1,0,0,0,0,0,1,0,1,0,0,0,0,0,0,0,0,0,0,0,0,0,0,0,0,0,0,0,3,0,1,0,0,0,0,0,0,2,0,0,1,1,1,0,0,0,0,0,1,0,0,0,0,1,0,2,1,0,0,0,0,0
T581,0,0,1,0,0,0,0,0,1,0,1,0,0,0,0,0,0,0,0,0,0,0,0,0,0,0,0,0,0,0,3,0,1,0,0,0,0,0,0,2,1,0,1,1,1,0,0,0,0,0,1,0,0,0,0,0,0,2,1,0,0,0,0,0
T582,0,0,1,0,0,0,0,0,1,0,1,0,0,0,0,0,0,0,0,0,0,0,0,0,0,0,0,0,0,0,2,0,1,0,1,0,0,0,0,2,1,0,1,1,1,0,0,0,0,0,1,0,0,0,0,0,0,2,1,0,0,0,0,0
T583,0,0,1,0,0,0,0,0,1,1,1,0,0,0,0,0,0,0,0,0,0,0,0,0,0,0,0,0,0,0,2,0,1,0,1,0,0,0,0,2,1,0,1,1,1,0,0,0,0,0,1,0,0,0,0,0,0,1,1,0,0,0,0,0
T584,0,0,1,0,0,0,0,0,1,1,1,0,0,0,0,0,0,0,0,0,0,0,0,0,0,0,0,0,0,0,2,0,1,0,1,0,1,0,0,1,1,0,1,1,1,0,0,0,0,0,1,0,0,0,0,0,0,1,1,0,0,0,0,0
T585,0,0,1,0,0,0,0,0,1,1,1,0,0,0,0,0,0,0,1,0,0,0,0,0,0,0,0,0,0,0,1,0,1,0,1,0,1,0,0,1,1,0,1,1,1,0,0,0,0,0,1,0,0,0,0,0,0,1,1,0,0,0,0,0
T586,0,0,1,0,0,0,0,0,1,1,2,0,0,0,0,0,0,0,1,0,0,0,0,0,0,0,0,0,0,0,1,0,1,0,1,0,1,0,0,1,1,0,1,1,1,0,0,0,0,0,1,0,0,0,0,0,0,0,1,0,0,0,0,0
T587,0,0,1,0,0,0,0,0,1,1,2,0,0,0,0,0,0,0,1,0,0,0,0,0,0,0,0,0,0,0,1,0,1,0,1,0,1,0,0,0,1,1,1,1,1,0,0,0,0,0,1,0,0,0,0,0,0,0,1,0,0,0,0,0
T588,0,0,1,0,0,0,0,0,1,1,2,0,0,0,0,0,0,0,1,0,0,0,0,0,0,0,0,0,0,0,0,0,1,0,1,0,1,0,0,1,1,1,1,1,1,0,0,0,0,0,1,0,0,0,0,0,0,0,1,0,0,0,0,0
T589,0,0,1,0,0,0,0,0,1,1,2,0,0,0,0,0,0,0,1,0,0,0,0,0,0,0,0,0,1,0,0,0,1,0,1,0,1,0,0,1,1,1,1,1,1,0,0,0,0,0,1,0,0,0,0,0,0,0,0,0,0,0,0,0
T590,0,0,1,0,0,0,0,0,1,1,2,0,0,0,0,0,0,0,1,0,0,0,0,0,0,0,0,0,1,0,0,0,1,0,1,0,1,0,0,1,1,1,0,1,1,0,0,0,0,0,1,1,0,0,0,0,0,0,0,0,0,0,0,0
T591,0,0,1,0,0,0,0,0,1,1,2,0,0,0,1,0,0,0,1,0,0,0,0,0,0,0,0,0,1,0,0,0,1,0,1,0,1,0,0,1,1,1,0,0,1,0,0,0,0,0,1,1,0,0,0,0,0,0,0,0,0,0,0,0
T592,0,0,1,0,0,0,0,0,1,1,2,0,0,0,1,0,0,0,1,0,0,0,0,0,0,0,0,0,1,0,0,0,1,0,1,0,1,0,0,1,1,1,0,0,0,0,0,0,0,0,1,1,0,0,0,0,1,0,0,0,0,0,0,0
T593,0,0,1,0,0,0,0,0,1,1,2,0,0,0,1,0,0,0,1,0,0,0,0,0,0,0,0,0,1,0,0,0,1,0,2,0,1,0,0,1,1,1,0,0,0,0,0,0,0,0,0,1,0,0,0,0,1,0,0,0,0,0,0,0
T594,0,0,1,0,0,0,0,0,0,1,3,0,0,0,1,0,0,0,1,0,0,0,0,0,0,0,0,0,1,0,0,0,1,0,2,0,1,0,0,1,1,1,0,0,0,0,0,0,0,0,0,1,0,0,0,0,1,0,0,0,0,0,0,0
T595,0,0,1,0,0,0,0,0,0,1,3,0,0,0,1,0,0,0,1,0,0,0,0,0,0,0,0,0,1,0,0,0,0,0,2,0,1,0,0,1,1,1,1,0,0,0,0,0,0,0,0,1,0,0,0,0,1,0,0,0,0,0,0,0
T596,0,0,0,0,0,0,0,0,0,1,3,0,0,0,1,0,0,0,1,0,0,0,0,0,0,0,0,0,1,0,0,0,0,0,2,0,1,0,0,1,2,1,1,0,0,0,0,0,0,0,0,1,0,0,0,0,1,0,0,0,0,0,0,0
T597,0,0,0,0,0,0,0,0,0,1,2,0,0,0,1,0,0,0,1,0,0,0,0,0,0,0,0,0,1,0,0,0,0,0,2,1,1,0,0,1,2,1,1,0,0,0,0,0,0,0,0,1,0,0,0,0,1,0,0,0,0,0,0,0
T598,0,0,0,0,0,0,0,0,0,1,2,0,0,1,1,0,0,0,1,0,0,0,0,0,0,0,0,0,1,0,0,0,0,0,2,1,1,0,0,1,1,1,1,0,0,0,0,0,0,0,0,1,0,0,0,0,1,0,0,0,0,0,0,0
T599,0,0,0,0,0,0,0,0,0,1,2,0,0,1,1,0,0,0,1,0,0,0,0,0,0,0,0,0,1,0,0,0,0,0,1,1,1,0,0,1,1,1,1,0,0,0,0,0,0,0,0,1,0,0,1,0,1,0,0,0,0,0,0,0
T600,0,0,0,0,0,0,0,0,0,0,2,0,0,1,1,0,0,0,1,0,0,0,0,0,0,0,1,0,1,0,0,0,0,0,1,1,1,0,0,1,1,1,1,0,0,0,0,0,0,0,0,1,0,0,1,0,1,0,0,0,0,0,0,0
T601,0,0,0,0,0,0,0,0,0,0,2,0,0,1,1,0,0,0,1,0,0,0,0,0,0,0,1,0,1,0,0,0,0,0,1,1,0,0,0,1,1,1,1,1,0,0,0,0,0,0,0,1,0,0,1,0,1,0,0,0,0,0,0,0
T602,0,0,0,0,0,0,0,0,0,0,2,0,0,1,1,0,0,0,0,0,0,0,0,0,0,0,1,0,1,0,0,0,0,0,1,1,0,0,0,1,1,1,1,1,0,0,1,0,0,0,0,1,0,0,1,0,1,0,0,0,0,0,0,0
T603,0,0,0,0,0,0,0,0,0,0,1,0,0,1,1,0,0,0,0,0,0,0,0,0,0,0,1,0,1,0,0,0,0,0,1,1,0,0,0,1,1,1,1,1,0,0,1,0,0,0,0,1,0,0,1,0,1,0,1,0,0,0,0,0
T604,0,0,0,0,0,0,0,0,0,0,1,0,0,1,1,0,0,0,0,0,0,0,0,0,0,0,1,0,1,0,0,0,0,0,1,1,0,0,0,1,1,0,2,1,0,0,1,0,0,0,0,1,0,0,1,0,1,0,1,0,0,0,0,0
T605,0,0,0,0,0,0,0,0,0,0,1,0,0,1,1,0,0,0,0,0,0,0,0,0,0,0,1,0,1,0,0,0,0,0,1,1,0,0,0,0,1,1,2,1,0,0,1,0,0,0,0,1,0,0,1,0,1,0,1,0,0,0,0,0
T606,0,0,0,0,0,0,0,0,0,0,1,0,0,1,1,0,0,0,0,0,0,0,0,0,0,0,1,0,0,0,0,0,0,0,1,1,0,0,0,1,1,1,2,1,0,0,1,0,0,0,0,1,0,0,1,0,1,0,1,0,0,0,0,0
T607,0,0,0,0,0,0,0,0,0,0,1,0,0,1,1,0,0,0,0,0,0,0,0,0,0,0,1,0,1,0,0,0,0,0,1,1,0,0,0,1,1,1,2,1,0,0,1,0,0,0,0,0,0,0,1,0,1,0,1,0,0,0,0,0
T608,0,0,0,0,0,0,0,0,0,0,1,0,0,1,0,0,0,0,0,0,0,0,0,0,0,0,1,0,1,0,0,0,0,0,1,1,0,0,0,1,1,1,2,1,0,0,1,0,0,0,0,1,0,0,1,0,1,0,1,0,0,0,0,0
T609,0,0,0,0,0,0,0,0,0,0,1,0,0,1,1,0,0,0,0,0,0,0,0,0,0,0,1,0,1,0,0,0,0,0,1,1,0,0,0,1,1,1,2,1,0,0,1,0,0,0,0,1,0,0,1,0,0,0,1,0,0,0,0,0
T610,0,0,0,0,0,0,0,0,0,0,1,0,0,1,1,0,0,0,0,0,0,0,0,0,0,0,1,0,1,0,0,0,0,0,0,1,0,0,0,1,1,1,2,1,0,0,1,0,0,0,0,1,0,0,1,0,1,0,1,0,0,0,0,0
T611,0,0,0,0,0,0,0,0,0,0,0,0,0,1,1,0,0,0,0,0,0,0,0,0,0,0,1,0,1,0,0,0,1,0,0,1,0,0,0,1,1,1,2,1,0,0,1,0,0,0,0,1,0,0,1,0,1,0,1,0,0,0,0,0
T612,1,0,0,0,0,0,0,0,0,0,0,0,0,1,1,0,0,0,0,0,0,0,0,0,0,0,1,0,1,0,0,0,1,0,0,1,0,0,0,1,1,1,1,1,0,0,1,0,0,0,0,1,0,0,1,0,1,0,1,0,0,0,0,0
T613,1,0,0,1,0,0,0,0,0,0,0,0,0,1,1,0,0,0,0,0,0,0,0,0,0,0,1,0,1,0,0,0,1,0,0,1,0,0,0,1,0,1,1,1,0,0,1,0,0,0,0,1,0,0,1,0,1,0,1,0,0,0,0,0
T614,1,0,0,1,0,0,0,0,0,0,0,0,1,1,1,0,0,0,0,0,0,0,0,0,0,0,1,0,1,0,0,0,1,0,0,0,0,0,0,1,0,1,1,1,0,0,1,0,0,0,0,1,0,0,1,0,1,0,1,0,0,0,0,0
T615,1,0,0,1,0,0,0,0,0,0,0,0,1,0,1,0,0,0,0,0,0,0,0,0,0,0,1,0,1,0,0,0,1,0,0,0,0,0,0,1,0,1,1,1,0,0,1,0,0,0,1,1,0,0,1,0,1,0,1,0,0,0,0,0
T616,1,0,0,1,0,0,0,0,0,0,1,0,1,0,1,0,0,0,0,0,0,0,0,0,0,0,1,0,1,0,0,0,1,0,0,0,0,0,0,1,0,1,1,1,0,0,1,0,0,0,1,1,0,0,0,0,1,0,1,0,0,0,0,0
T617,1,0,0,1,0,0,0,0,0,0,1,0,1,0,1,0,0,0,0,0,0,0,0,0,0,0,0,0,1,0,0,0,1,0,0,0,0,0,0,1,0,1,2,1,0,0,1,0,0,0,1,1,0,0,0,0,1,0,1,0,0,0,0,0
T618,1,0,0,1,0,0,0,0,0,0,1,0,1,0,1,0,0,0,0,0,0,0,0,0,0,0,0,0,1,0,0,0,1,0,0,0,0,0,0,1,0,1,3,0,0,0,1,0,0,0,1,1,0,0,0,0,1,0,1,0,0,0,0,0
T619,1,0,0,1,0,0,0,0,0,0,1,0,1,0,1,0,0,0,0,0,0,0,0,0,0,0,0,0,1,0,0,0,1,0,0,0,0,0,0,1,1,1,3,0,0,0,0,0,0,0,1,1,0,0,0,0,1,0,1,0,0,0,0,0
T620,1,0,0,1,0,0,0,0,0,0,1,0,1,0,1,0,0,0,0,0,0,0,0,0,0,0,0,0,1,0,0,0,2,0,0,0,0,0,0,1,1,1,3,0,0,0,0,0,0,0,1,1,0,0,0,0,1,0,0,0,0,0,0,0
T621,1,0,1,1,0,0,0,0,0,0,1,0,1,0,1,0,0,0,0,0,0,0,0,0,0,0,0,0,1,0,0,0,2,0,0,0,0,0,0,1,1,1,2,0,0,0,0,0,0,0,1,1,0,0,0,0,1,0,0,0,0,0,0,0
T622,1,0,1,1,0,0,0,0,0,0,1,1,1,0,1,0,0,0,0,0,0,0,0,0,0,0,0,0,1,0,0,0,2,0,0,0,0,0,0,1,1,0,2,0,0,0,0,0,0,0,1,1,0,0,0,0,1,0,0,0,0,0,0,0
T623,1,0,1,1,0,0,0,0,0,0,1,1,1,0,1,0,0,0,0,0,0,0,0,0,0,0,0,0,1,0,0,0,2,0,0,0,0,0,0,0,1,0,2,0,1,0,0,0,0,0,1,1,0,0,0,0,1,0,0,0,0,0,0,0
T624,1,0,1,1,0,0,0,0,0,0,1,1,1,0,1,0,0,0,0,0,0,0,0,0,0,0,0,0,0,0,0,0,2,0,0,0,0,0,0,0,1,0,2,0,1,0,0,0,0,0,1,2,0,0,0,0,1,0,0,0,0,0,0,0
T625,1,0,1,1,0,0,0,0,0,0,1,1,2,0,1,0,0,0,0,0,0,0,0,0,0,0,0,0,0,0,0,0,2,0,0,0,0,0,0,0,1,0,2,0,1,0,0,0,0,0,1,1,0,0,0,0,1,0,0,0,0,0,0,0
T626,1,0,1,1,0,0,0,0,0,0,1,1,2,0,0,0,0,0,0,0,0,0,0,0,0,0,0,0,0,0,0,0,2,0,0,0,0,0,0,0,1,0,2,0,1,0,0,0,1,0,1,1,0,0,0,0,1,0,0,0,0,0,0,0
T627,1,0,1,2,0,0,0,0,0,0,1,1,2,0,0,0,0,0,0,0,0,0,0,0,0,0,0,0,0,0,0,0,2,0,0,0,0,0,0,0,1,0,2,0,1,0,0,0,1,0,1,1,0,0,0,0,0,0,0,0,0,0,0,0
T628,1,0,1,2,0,0,0,0,0,0,1,1,2,0,1,0,0,0,0,0,0,0,0,0,0,0,0,0,0,0,0,0,1,0,0,0,0,0,0,0,1,0,2,0,1,0,0,0,1,0,1,1,0,0,0,0,0,0,0,0,0,0,0,0
T629,0,0,1,2,0,0,0,0,0,0,1,1,2,0,1,0,0,0,0,0,0,0,0,0,0,0,0,0,0,0,0,0,1,0,0,0,0,0,0,0,1,0,2,0,1,0,0,0,1,0,1,1,0,0,0,0,0,0,0,1,0,0,0,0
T630,0,0,1,1,0,0,0,0,0,0,1,1,2,0,1,0,0,0,0,0,0,0,0,0,0,0,0,0,0,0,0,0,1,0,0,0,0,0,0,0,1,0,2,0,1,0,1,0,1,0,1,1,0,0,0,0,0,0,0,1,0,0,0,0
T631,0,0,1,1,0,0,0,0,0,0,1,1,1,0,1,0,0,0,0,0,0,0,0,0,0,0,0,0,0,0,0,0,1,0,0,0,0,0,0,0,1,0,2,0,1,0,1,0,1,0,1,1,0,0,0,0,0,0,0,2,0,0,0,0
T632,0,0,1,1,0,0,0,0,0,0,1,1,1,0,1,0,0,0,0,0,0,0,0,0,0,0,0,0,0,0,0,0,1,0,0,0,0,0,0,0,1,0,2,0,2,0,1,0,1,0,0,1,0,0,0,0,0,0,0,2,0,0,0,0
T633,0,0,1,1,0,0,0,0,0,0,0,1,1,0,1,0,0,0,0,0,0,0,0,0,0,0,0,0,0,0,0,0,1,0,0,0,0,0,0,0,1,0,2,0,2,0,1,0,1,1,0,1,0,0,0,0,0,0,0,2,0,0,0,0
T634,0,0,1,1,0,0,1,0,0,0,0,1,1,0,1,0,0,0,0,0,0,0,0,0,0,0,0,0,0,0,0,0,1,0,0,0,0,0,0,0,1,0,1,0,2,0,1,0,1,1,0,1,0,0,0,0,0,0,0,2,0,0,0,0
T635,0,0,1,1,0,0,1,0,0,0,0,1,1,0,1,0,0,0,0,0,0,0,0,0,1,0,0,0,0,0,0,0,1,0,0,0,0,0,0,0,1,0,0,0,2,0,1,0,1,1,0,1,0,0,0,0,0,0,0,2,0,0,0,0
T636,0,0,1,1,0,0,1,0,0,0,0,1,1,0,1,0,0,0,0,0,0,0,0,0,1,0,0,0,0,0,0,0,1,0,1,0,0,0,0,0,0,0,0,0,2,0,1,0,1,1,0,1,0,0,0,0,0,0,0,2,0,0,0,0
T637,0,0,1,1,0,0,1,0,1,0,0,1,1,0,1,0,0,0,0,0,0,0,0,0,1,0,0,0,0,0,0,0,0,0,1,0,0,0,0,0,0,0,0,0,2,0,1,0,1,1,0,1,0,0,0,0,0,0,0,2,0,0,0,0
T638,0,0,0,1,0,0,1,0,1,0,0,1,1,0,1,0,0,0,0,0,0,0,0,0,1,0,0,0,0,0,0,0,0,1,1,0,0,0,0,0,0,0,0,0,2,0,1,0,1,1,0,1,0,0,0,0,0,0,0,2,0,0,0,0
T639,0,0,0,1,0,0,1,1,1,0,0,0,1,0,1,0,0,0,0,0,0,0,0,0,1,0,0,0,0,0,0,0,0,1,1,0,0,0,0,0,0,0,0,0,2,0,1,0,1,1,0,1,0,0,0,0,0,0,0,2,0,0,0,0
T640,0,0,0,1,0,0,1,1,1,0,0,0,1,0,1,0,0,0,0,0,0,0,0,0,1,0,0,0,0,0,0,1,0,1,1,0,0,0,0,0,0,0,0,0,1,0,1,0,1,1,0,1,0,0,0,0,0,0,0,2,0,0,0,0
T641,0,0,0,1,0,0,1,1,1,0,0,0,1,0,1,0,0,0,0,0,0,0,0,0,1,0,0,0,0,0,0,1,0,1,1,0,0,0,0,0,0,0,0,0,1,0,1,0,1,1,0,0,0,0,0,0,0,0,0,2,0,1,0,0
T642,0,0,0,1,0,0,1,1,1,0,0,0,0,0,1,0,0,0,0,0,0,0,0,0,1,0,0,0,0,0,0,1,0,1,1,0,0,0,0,0,0,0,0,0,1,0,1,0,1,1,0,0,0,0,1,0,0,0,0,2,0,1,0,0
T643,0,0,0,1,0,0,1,1,1,0,0,0,0,0,1,0,0,0,0,0,0,0,0,0,1,0,1,0,0,0,0,1,0,1,1,0,0,0,0,0,0,0,0,0,1,0,1,0,0,1,0,0,0,0,1,0,0,0,0,2,0,1,0,0
T644,0,0,0,0,0,0,1,1,1,0,0,0,0,0,1,0,0,0,0,0,0,0,0,0,1,0,1,0,0,0,0,1,0,1,1,0,0,0,0,0,0,1,0,0,1,0,1,0,0,1,0,0,0,0,1,0,0,0,0,2,0,1,0,0
T645,0,0,0,0,0,0,1,1,1,0,0,0,0,0,0,0,0,0,0,0,0,0,0,0,1,0,1,0,0,0,0,1,0,1,1,0,0,0,0,1,0,1,0,0,1,0,1,0,0,1,0,0,0,0,1,0,0,0,0,2,0,1,0,0
T646,0,0,0,0,0,0,1,1,1,0,0,0,0,0,0,0,0,0,0,0,0,0,0,0,1,0,1,0,0,0,1,1,0,1,1,0,0,0,0,1,0,1,0,0,1,0,1,0,0,1,0,0,0,0,1,0,0,0,0,1,0,1,0,0
T647,0,0,0,0,0,0,1,1,1,0,0,0,0,0,0,0,0,0,0,0,0,0,0,0,1,0,1,0,0,0,1,1,0,1,1,0,0,0,0,1,0,1,0,0,1,0,0,0,0,1,0,0,0,0,1,0,0,1,0,1,0,1,0,0
T648,0,0,0,0,0,0,1,1,1,0,0,0,0,0,0,0,0,0,0,0,0,0,0,0,1,0,1,0,0,0,1,1,0,1,1,0,0,0,0,2,0,1,0,0,1,0,0,0,0,1,0,0,0,0,1,0,0,1,0,0,0,1,0,0
T649,0,0,0,0,0,0,1,1,1,0,0,0,0,0,0,0,0,0,0,0,0,0,0,0,1,0,1,0,0,0,1,2,0,1,1,0,0,0,0,2,0,1,0,0,0,0,0,0,0,1,0,0,0,0,1,0,0,1,0,0,0,1,0,0
T650,0,0,0,0,0,0,1,1,1,0,0,0,0,0,0,0,0,0,0,0,0,0,0,0,1,0,1,0,0,0,1,2,0,1,1,0,0,0,0,2,0,1,0,0,0,0,0,0,0,0,0,0,0,0,1,0,0,1,0,0,1,1,0,0
T651,0,0,0,0,0,0,0,1,1,0,0,0,0,0,0,0,0,0,0,0,0,0,0,0,1,0,1,0,0,0,1,2,0,1,1,0,0,0,0,2,0,1,0,0,0,0,0,0,0,0,0,1,0,0,1,0,0,1,0,0,1,1,0,0
T652,0,0,0,0,0,0,0,1,1,0,0,0,0,1,0,0,0,0,0,0,0,0,0,0,0,0,1,0,0,0,1,2,0,1,1,0,0,0,0,2,0,1,0,0,0,0,0,0,0,0,0,1,0,0,1,0,0,1,0,0,1,1,0,0
T653,0,0,0,0,0,0,0,1,1,0,0,0,0,1,0,0,0,0,0,0,0,0,0,0,0,0,1,0,0,0,1,2,0,1,0,0,0,0,0,2,0,1,0,0,0,0,0,0,0,0,0,1,0,1,1,0,0,1,0,0,1,1,0,0
T654,0,0,0,0,0,0,0,1,0,0,0,0,0,1,0,0,0,0,0,0,0,0,1,0,0,0,1,0,0,0,1,2,0,1,0,0,0,0,0,2,0,1,0,0,0,0,0,0,0,0,0,1,0,1,1,0,0,1,0,0,1,1,0,0
T655,0,0,0,0,0,0,0,1,0,0,0,0,0,1,0,0,0,0,0,0,0,0,1,0,0,0,1,1,0,0,1,2,0,0,0,0,0,0,0,2,0,1,0,0,0,0,0,0,0,0,0,1,0,1,1,0,0,1,0,0,1,1,0,0
T656,0,0,0,0,0,0,0,0,0,0,0,0,0,1,0,0,0,0,0,0,0,0,1,0,0,0,1,1,0,0,1,2,0,0,0,0,0,0,0,2,0,1,0,0,0,1,0,0,0,0,0,1,0,1,1,0,0,1,0,0,1,1,0,0
T657,0,0,0,0,0,0,0,0,0,0,0,0,0,1,0,0,0,0,0,0,0,0,1,0,0,0,1,1,0,0,1,1,0,0,0,0,0,0,0,2,0,1,0,0,0,1,0,0,0,0,0,1,0,1,1,1,0,1,0,0,1,1,0,0
T658,0,0,0,0,0,0,0,0,0,0,0,0,0,1,0,0,0,0,0,0,0,0,1,0,0,0,1,1,1,0,1,1,0,0,0,0,0,0,0,2,0,1,0,0,0,1,0,0,0,0,0,1,0,1,1,1,0,1,0,0,1,0,0,0
T659,0,0,0,0,0,0,0,0,0,0,0,0,0,1,0,0,0,0,0,0,0,0,1,0,0,0,1,1,1,0,1,1,0,0,0,0,0,0,0,2,0,1,0,0,0,1,0,0,0,0,1,1,0,1,0,1,0,1,0,0,1,0,0,0
T660,0,0,0,0,0,0,0,0,0,0,1,0,0,1,0,0,0,0,0,0,0,0,1,0,0,0,0,1,1,0,1,1,0,0,0,0,0,0,0,2,0,1,0,0,0,1,0,0,0,0,1,1,0,1,0,1,0,1,0,0,1,0,0,0
T661,0,0,0,0,0,0,0,0,0,0,1,0,0,1,0,0,0,0,0,0,0,0,1,0,0,0,0,1,1,0,1,1,0,0,0,0,0,0,0,2,0,0,0,1,0,1,0,0,0,0,1,1,0,1,0,1,0,1,0,0,1,0,0,0
T662,0,0,0,0,0,0,0,0,0,0,1,0,0,1,0,0,0,0,0,0,0,0,1,0,0,0,0,1,1,0,1,1,0,0,0,0,0,0,0,1,0,0,0,1,0,1,1,0,0,0,1,1,0,1,0,1,0,1,0,0,1,0,0,0
T663,0,0,0,0,0,0,0,0,0,0,1,0,0,1,0,0,0,0,0,0,0,0,1,0,0,0,0,1,1,0,0,1,0,0,0,0,0,0,0,1,0,0,0,1,0,1,1,0,0,0,1,1,0,1,0,1,0,1,1,0,1,0,0,0
T664,0,0,0,0,0,0,0,0,0,0,1,0,0,1,0,0,0,0,0,0,0,0,1,0,0,0,0,1,1,0,0,1,0,0,0,0,0,0,0,1,0,0,0,2,0,1,1,0,0,0,1,1,0,1,0,1,0,0,1,0,1,0,0,0
T665,0,0,0,0,0,0,0,0,0,0,1,0,0,1,0,0,0,0,0,0,0,0,1,0,0,0,0,1,1,0,0,1,0,0,0,0,0,0,0,0,0,0,0,2,0,1,2,0,0,0,1,1,0,1,0,1,0,0,1,0,1,0,0,0
T666,0,0,0,0,0,0,0,0,0,0,1,0,0,1,0,0,0,0,0,0,0,0,1,0,0,0,0,1,1,0,0,0,0,0,0,0,0,0,0,0,0,0,0,2,0,1,2,0,0,0,1,1,0,1,0,1,0,0,2,0,1,0,0,0
T667,0,0,0,0,0,0,0,0,0,0,1,0,0,1,0,0,0,0,0,0,0,0,1,0,0,0,0,1,1,0,0,0,0,0,0,0,0,0,0,0,0,0,0,3,0,1,2,0,0,0,1,1,0,1,0,1,0,0,2,0,0,0,0,0
T668,0,0,0,0,0,0,0,0,0,0,1,0,0,1,0,0,0,0,0,0,0,0,1,0,0,0,0,1,1,0,0,0,0,0,0,0,0,0,0,0,0,0,0,3,0,1,2,1,0,0,1,0,0,1,0,1,0,0,2,0,0,0,0,0
T669,0,0,0,0,0,0,0,0,0,0,1,0,0,0,0,0,0,0,0,0,0,0,1,0,0,0,0,1,1,0,0,0,0,0,0,0,0,0,0,0,0,0,0,3,0,1,2,1,0,0,1,0,0,1,0,1,0,0,2,0,0,0,0,1
T670,0,0,0,0,0,0,0,0,0,0,1,0,0,0,0,0,0,0,0,0,0,0,1,0,0,0,0,1,1,0,0,0,0,0,0,0,0,0,0,0,0,0,0,3,0,1,2,1,0,0,1,0,0,0,0,1,0,0,2,0,1,0,0,1
T671,0,0,0,0,0,0,0,0,0,0,1,0,0,0,0,0,0,0,0,0,0,0,0,0,0,0,0,1,1,0,0,0,0,0,0,0,0,0,0,0,0,0,0,3,0,1,2,1,0,1,1,0,0,0,0,1,0,0,2,0,1,0,0,1
T672,0,0,0,0,0,0,1,0,0,0,1,0,0,0,0,0,0,0,0,0,0,0,0,0,0,0,0,0,1,0,0,0,0,0,0,0,0,0,0,0,0,0,0,3,0,1,2,1,0,1,1,0,0,0,0,1,0,0,2,0,1,0,0,1
T673,0,0,0,0,0,0,1,0,0,0,1,0,0,0,0,0,0,0,0,0,0,0,0,0,1,0,0,0,1,0,0,0,0,0,0,0,0,0,0,0,0,0,0,3,0,0,2,1,0,1,1,0,0,0,0,1,0,0,2,0,1,0,0,1
T674,0,0,0,0,0,0,1,0,0,0,1,0,0,0,0,0,0,0,0,0,0,0,0,0,1,0,0,0,1,0,0,0,0,0,1,0,0,0,0,0,0,0,0,3,0,0,2,1,0,1,1,0,0,0,0,0,0,0,2,0,1,0,0,1
T675,0,0,0,0,0,0,1,0,0,1,1,0,0,0,0,0,0,0,0,0,0,0,0,0,1,0,0,0,0,0,0,0,0,0,1,0,0,0,0,0,0,0,0,3,0,0,2,1,0,1,1,0,0,0,0,0,0,0,2,0,1,0,0,1
T676,0,0,0,0,0,0,1,0,0,1,1,0,0,0,0,0,0,0,0,0,0,0,0,0,1,0,0,0,0,0,0,0,0,0,1,0,0,0,1,0,0,0,0,3,0,0,2,1,0,1,0,0,0,0,0,0,0,0,2,0,1,0,0,1
T677,0,0,0,0,0,0,1,0,0,1,0,0,0,0,0,0,0,0,0,0,0,0,0,0,1,1,0,0,0,0,0,0,0,0,1,0,0,0,1,0,0,0,0,3,0,0,2,1,0,1,0,0,0,0,0,0,0,0,2,0,1,0,0,1
T678,0,0,0,0,0,0,1,0,0,1,0,0,0,0,0,0,0,0,0,0,0,0,0,0,1,1,0,0,0,0,0,0,0,0,1,0,0,0,2,0,0,0,0,2,0,0,2,1,0,1,0,0,0,0,0,0,0,0,2,0,1,0,0,1
T679,0,0,0,0,0,0,1,0,0,1,0,0,0,0,0,0,0,0,0,0,0,0,0,0,1,1,0,1,0,0,0,0,0,0,1,0,0,0,2,0,0,0,0,2,0,0,1,1,0,1,0,0,0,0,0,0,0,0,2,0,1,0,0,1
T680,0,0,0,0,0,0,1,0,0,1,0,0,0,0,0,0,0,0,0,0,0,0,0,0,1,1,0,1,0,0,0,0,0,0,1,0,0,0,2,0,0,0,0,2,0,0,1,2,0,1,0,0,0,0,0,0,0,0,1,0,1,0,0,1
T681,0,0,0,0,0,0,1,0,0,1,0,0,0,0,0,0,0,0,0,0,0,0,0,0,1,1,0,1,0,0,0,0,0,0,1,0,0,0,2,0,0,0,0,1,0,0,1,2,0,1,0,0,0,0,0,0,0,0,1,0,1,0,1,1
T682,0,0,0,0,0,0,1,0,0,1,0,0,0,0,0,0,0,0,0,0,0,0,0,0,1,1,0,1,0,0,0,0,0,0,1,0,0,0,2,0,0,0,0,1,0,0,0,2,0,1,0,0,0,0,0,0,1,0,1,0,1,0,1,1
T683,0,0,0,0,0,0,1,0,0,1,0,0,0,0,0,0,0,0,0,0,0,0,0,0,1,1,0,1,0,0,0,0,0,1,1,0,0,0,2,0,0,0,0,1,0,0,0,2,0,1,0,0,0,0,0,0,1,0,0,0,1,0,1,1
T684,0,0,0,0,0,0,1,1,0,1,0,0,0,0,0,0,0,0,0,0,0,0,0,0,1,1,0,1,0,0,0,0,0,1,1,0,0,0,2,0,0,0,0,0,0,0,0,2,0,1,0,0,0,0,0,0,1,0,0,0,1,0,1,1
T685,0,0,0,0,0,0,1,1,0,1,0,0,0,0,0,0,0,0,0,0,0,0,0,0,1,1,0,1,0,0,0,1,0,1,1,0,0,0,2,0,0,0,0,0,0,0,0,1,0,1,0,0,0,0,0,0,1,0,0,0,1,0,1,1
T686,0,0,0,0,0,0,1,1,0,1,0,0,0,0,0,0,0,0,0,0,0,0,0,0,1,1,0,1,0,0,0,1,0,1,1,0,0,0,2,0,0,0,0,0,0,0,0,1,0,1,0,0,0,0,0,0,1,0,0,0,2,0,1,0
T687,0,0,0,0,0,0,1,1,0,1,0,0,0,0,0,0,0,0,0,0,0,0,0,0,1,1,0,1,0,0,0,1,0,1,1,0,0,0,2,0,0,0,0,0,0,0,0,1,0,1,1,0,0,0,0,0,1,0,0,0,1,0,1,0
T688,0,0,0,0,0,0,1,1,0,1,0,1,0,0,0,0,0,0,0,0,0,0,0,0,1,1,0,1,0,0,0,1,0,1,1,0,0,0,2,0,0,0,0,0,0,0,0,1,0,0,1,0,0,0,0,0,1,0,0,0,1,0,1,0
T689,0,0,0,0,0,0,0,1,0,1,0,1,0,0,0,0,0,0,0,0,0,0,0,0,1,1,0,1,0,0,0,1,0,1,1,0,0,0,2,0,0,0,0,0,1,0,0,1,0,0,1,0,0,0,0,0,1,0,0,0,1,0,1,0
T690,0,0,0,0,0,0,0,1,0,1,0,1,0,0,0,0,0,0,0,0,0,0,0,0,0,1,0,1,0,0,0,1,0,1,1,0,0,0,2,0,0,0,0,0,1,0,0,1,0,0,1,1,0,0,0,0,1,0,0,0,1,0,1,0
T691,0,0,0,0,0,0,0,1,0,1,0,1,0,0,1,0,0,0,0,0,0,0,0,0,0,1,0,1,0,0,0,1,0,1,0,0,0,0,2,0,0,0,0,0,1,0,0,1,0,0,1,1,0,0,0,0,1,0,0,0,1,0,1,0
T692,0,0,0,0,0,0,0,1,0,0,0,1,0,0,1,0,0,0,0,0,0,0,0,0,0,1,0,1,0,0,0,1,0,1,0,0,0,0,2,0,0,0,0,0,1,0,0,1,0,0,1,1,0,0,0,0,1,1,0,0,1,0,1,0
T693,0,0,0,0,0,0,0,1,0,0,0,1,0,0,1,0,0,0,0,0,0,0,0,0,0,1,0,1,0,0,0,1,0,1,0,0,0,0,1,1,0,0,0,0,1,0,0,1,0,0,1,1,0,0,0,0,1,1,0,0,1,0,1,0
T694,0,0,0,0,0,0,0,1,0,0,0,1,0,0,1,0,0,0,0,0,0,0,0,0,0,0,0,1,0,1,0,1,0,1,0,0,0,0,1,1,0,0,0,0,1,0,0,1,0,0,1,1,0,0,0,0,1,1,0,0,1,0,1,0
T695,0,0,0,0,0,0,0,1,0,0,0,1,0,0,1,0,0,0,0,0,0,0,0,0,0,0,0,1,0,1,0,1,0,1,0,0,0,0,0,1,0,0,0,0,1,0,0,1,0,0,1,1,1,0,0,0,1,1,0,0,1,0,1,0
T696,0,0,0,0,0,0,0,1,0,0,0,1,0,0,1,0,0,0,1,0,0,0,0,0,0,0,0,0,0,1,0,1,0,1,0,0,0,0,0,1,0,0,0,0,1,0,0,1,0,0,1,1,1,0,0,0,1,1,0,0,1,0,1,0
T697,0,0,0,0,0,0,0,1,1,0,0,1,0,0,1,0,0,0,1,0,0,0,0,0,0,0,0,0,0,1,0,1,0,1,0,0,0,0,0,1,0,0,0,0,1,0,0,0,0,0,1,1,1,0,0,0,1,1,0,0,1,0,1,0
T698,0,0,0,0,0,0,0,1,1,0,0,1,0,0,1,0,0,0,1,0,0,0,0,0,0,0,0,0,0,1,0,1,1,1,0,0,0,0,0,1,0,0,0,0,1,0,0,0,0,0,1,1,1,0,0,0,1,1,0,0,1,0,0,0
T699,0,0,0,1,0,0,0,1,1,0,0,1,0,0,1,0,0,0,1,0,0,0,0,0,0,0,0,0,0,1,0,1,1,1,0,0,0,0,0,1,0,0,0,0,1,0,0,0,0,0,1,1,1,0,0,0,0,1,0,0,1,0,0,0
T700,0,0,0,1,0,0,0,1,1,0,0,1,0,1,1,0,0,0,1,0,0,0,0,0,0,0,0,0,0,1,0,1,1,0,0,0,0,0,0,1,0,0,0,0,1,0,0,0,0,0,1,1,1,0,0,0,0,1,0,0,1,0,0,0
T701,0,0,0,1,0,0,0,0,1,0,0,1,0,1,1,0,0,0,1,0,0,0,0,0,0,0,0,0,0,1,0,1,1,0,0,0,0,0,0,1,0,0,0,0,1,0,0,0,0,0,1,1,2,0,0,0,0,1,0,0,1,0,0,0
T702,0,0,0,1,0,0,0,0,1,0,0,1,0,1,1,0,1,0,1,0,0,0,0,0,0,0,0,0,0,1,0,0,1,0,0,0,0,0,0,1,0,0,0,0,1,0,0,0,0,0,1,1,2,0,0,0,0,1,0,0,1,0,0,0
